5000 500
0.840188 0.000000
0.394383 0.000000
0.783099 0.000000
0.798440 0.000000
0.911647 0.000000
0.197551 0.000000
0.335223 0.000000
0.768230 0.000000
0.277775 0.000000
0.553970 0.000000
0.477397 0.000000
0.628871 0.000000
0.364784 0.000000
0.513401 0.000000
0.952230 0.000000
0.916195 0.000000
0.635712 0.000000
0.717297 0.000000
0.141603 0.000000
0.606969 0.000000
0.016301 0.000000
0.242887 0.000000
0.137232 0.000000
0.804177 0.000000
0.156679 0.000000
0.400944 0.000000
0.129790 0.000000
0.108809 0.000000
0.998925 0.000000
0.218257 0.000000
0.512932 0.000000
0.839112 0.000000
0.612640 0.000000
0.296032 0.000000
0.637552 0.000000
0.524287 0.000000
0.493583 0.000000
0.972775 0.000000
0.292517 0.000000
0.771358 0.000000
0.526745 0.000000
0.769914 0.000000
0.400229 0.000000
0.891529 0.000000
0.283315 0.000000
0.352458 0.000000
0.807725 0.000000
0.919026 0.000000
0.069755 0.000000
0.949327 0.000000
0.525995 0.000000
0.086056 0.000000
0.192214 0.000000
0.663227 0.000000
0.890233 0.000000
0.348893 0.000000
0.064171 0.000000
0.020023 0.000000
0.457702 0.000000
0.063096 0.000000
0.238280 0.000000
0.970634 0.000000
0.902208 0.000000
0.850920 0.000000
0.266666 0.000000
0.539760 0.000000
0.375207 0.000000
0.760249 0.000000
0.512535 0.000000
0.667724 0.000000
0.531606 0.000000
0.039280 0.000000
0.437638 0.000000
0.931835 0.000000
0.930810 0.000000
0.720952 0.000000
0.284293 0.000000
0.738534 0.000000
0.639979 0.000000
0.354049 0.000000
0.687861 0.000000
0.165974 0.000000
0.440105 0.000000
0.880075 0.000000
0.829201 0.000000
0.330337 0.000000
0.228968 0.000000
0.893372 0.000000
0.350360 0.000000
0.686670 0.000000
0.956468 0.000000
0.588640 0.000000
0.657304 0.000000
0.858676 0.000000
0.439560 0.000000
0.923970 0.000000
0.398437 0.000000
0.814767 0.000000
0.684219 0.000000
0.910972 0.000000
0.482491 0.000000
0.215825 0.000000
0.950252 0.000000
0.920128 0.000000
0.147660 0.000000
0.881062 0.000000
0.641081 0.000000
0.431953 0.000000
0.619596 0.000000
0.281059 0.000000
0.786002 0.000000
0.307458 0.000000
0.447034 0.000000
0.226107 0.000000
0.187533 0.000000
0.276235 0.000000
0.556444 0.000000
0.416501 0.000000
0.169607 0.000000
0.906804 0.000000
0.103171 0.000000
0.126075 0.000000
0.495444 0.000000
0.760475 0.000000
0.984752 0.000000
0.935004 0.000000
0.684445 0.000000
0.383188 0.000000
0.749771 0.000000
0.368664 0.000000
0.294160 0.000000
0.232262 0.000000
0.584489 0.000000
0.244413 0.000000
0.152390 0.000000
0.732149 0.000000
0.125475 0.000000
0.793470 0.000000
0.164102 0.000000
0.745071 0.000000
0.074530 0.000000
0.950104 0.000000
0.052529 0.000000
0.521563 0.000000
0.176211 0.000000
0.240062 0.000000
0.797798 0.000000
0.732654 0.000000
0.656564 0.000000
0.967405 0.000000
0.639458 0.000000
0.759735 0.000000
0.093480 0.000000
0.134902 0.000000
0.520210 0.000000
0.078232 0.000000
0.069906 0.000000
0.204655 0.000000
0.461420 0.000000
0.819677 0.000000
0.573319 0.000000
0.755581 0.000000
0.051939 0.000000
0.157807 0.000000
0.999994 0.000000
0.204329 0.000000
0.889956 0.000000
0.125468 0.000000
0.997799 0.000000
0.054058 0.000000
0.870540 0.000000
0.072329 0.000000
0.004162 0.000000
0.923069 0.000000
0.593892 0.000000
0.180372 0.000000
0.163131 0.000000
0.391690 0.000000
0.913027 0.000000
0.819695 0.000000
0.359095 0.000000
0.552485 0.000000
0.579430 0.000000
0.452576 0.000000
0.687387 0.000000
0.099640 0.000000
0.530808 0.000000
0.757294 0.000000
0.304295 0.000000
0.992228 0.000000
0.576971 0.000000
0.877614 0.000000
0.747809 0.000000
0.628910 0.000000
0.035421 0.000000
0.747803 0.000000
0.833239 0.000000
0.925377 0.000000
0.873271 0.000000
0.831038 0.000000
0.979434 0.000000
0.743811 0.000000
0.903366 0.000000
0.983596 0.000000
0.666880 0.000000
0.497259 0.000000
0.163968 0.000000
0.830012 0.000000
0.888949 0.000000
0.076995 0.000000
0.649707 0.000000
0.248044 0.000000
0.629480 0.000000
0.229137 0.000000
0.700620 0.000000
0.316867 0.000000
0.328777 0.000000
0.231428 0.000000
0.074161 0.000000
0.633072 0.000000
0.223656 0.000000
0.651132 0.000000
0.510686 0.000000
0.971466 0.000000
0.280042 0.000000
0.546107 0.000000
0.719269 0.000000
0.113281 0.000000
0.471483 0.000000
0.592540 0.000000
0.944318 0.000000
0.450918 0.000000
0.336351 0.000000
0.847684 0.000000
0.434513 0.000000
0.003231 0.000000
0.344943 0.000000
0.598481 0.000000
0.833243 0.000000
0.233892 0.000000
0.675476 0.000000
0.482950 0.000000
0.481936 0.000000
0.304956 0.000000
0.712087 0.000000
0.182556 0.000000
0.621823 0.000000
0.040864 0.000000
0.413984 0.000000
0.695984 0.000000
0.673936 0.000000
0.637640 0.000000
0.347116 0.000000
0.184622 0.000000
0.609106 0.000000
0.627158 0.000000
0.730729 0.000000
0.328374 0.000000
0.740438 0.000000
0.202213 0.000000
0.920914 0.000000
0.684757 0.000000
0.653130 0.000000
0.257265 0.000000
0.532441 0.000000
0.087644 0.000000
0.260497 0.000000
0.877384 0.000000
0.686125 0.000000
0.093740 0.000000
0.111276 0.000000
0.361601 0.000000
0.576691 0.000000
0.593211 0.000000
0.666557 0.000000
0.288778 0.000000
0.775767 0.000000
0.288379 0.000000
0.329642 0.000000
0.189751 0.000000
0.984363 0.000000
0.003579 0.000000
0.827391 0.000000
0.331479 0.000000
0.188201 0.000000
0.436497 0.000000
0.958637 0.000000
0.918930 0.000000
0.764871 0.000000
0.699075 0.000000
0.121143 0.000000
0.685786 0.000000
0.383832 0.000000
0.774273 0.000000
0.943051 0.000000
0.916273 0.000000
0.861917 0.000000
0.203548 0.000000
0.793657 0.000000
0.548042 0.000000
0.297288 0.000000
0.904932 0.000000
0.909643 0.000000
0.873979 0.000000
0.498144 0.000000
0.576200 0.000000
0.162757 0.000000
0.273911 0.000000
0.864579 0.000000
0.492399 0.000000
0.463662 0.000000
0.848942 0.000000
0.495977 0.000000
0.291053 0.000000
0.180421 0.000000
0.684178 0.000000
0.727550 0.000000
0.139058 0.000000
0.603109 0.000000
0.492422 0.000000
0.838134 0.000000
0.724252 0.000000
0.178208 0.000000
0.221966 0.000000
0.498525 0.000000
0.121259 0.000000
0.138238 0.000000
0.360443 0.000000
0.324807 0.000000
0.931895 0.000000
0.908485 0.000000
0.622095 0.000000
0.836828 0.000000
0.818128 0.000000
0.496074 0.000000
0.334972 0.000000
0.394327 0.000000
0.658831 0.000000
0.608883 0.000000
0.258906 0.000000
0.151230 0.000000
0.072545 0.000000
0.107848 0.000000
0.647207 0.000000
0.363598 0.000000
0.288270 0.000000
0.331386 0.000000
0.091149 0.000000
0.427328 0.000000
0.934495 0.000000
0.583570 0.000000
0.265461 0.000000
0.658747 0.000000
0.761778 0.000000
0.487427 0.000000
0.157272 0.000000
0.883037 0.000000
0.625665 0.000000
0.517715 0.000000
0.207844 0.000000
0.557561 0.000000
0.426199 0.000000
0.829939 0.000000
0.394388 0.000000
0.244327 0.000000
0.326013 0.000000
0.729360 0.000000
0.638654 0.000000
0.984845 0.000000
0.338243 0.000000
0.897560 0.000000
0.136075 0.000000
0.410788 0.000000
0.005409 0.000000
0.783282 0.000000
0.774386 0.000000
0.293678 0.000000
0.114668 0.000000
0.865535 0.000000
0.721006 0.000000
0.049162 0.000000
0.449105 0.000000
0.986467 0.000000
0.707909 0.000000
0.210883 0.000000
0.473894 0.000000
0.865181 0.000000
0.093920 0.000000
0.099559 0.000000
0.382896 0.000000
0.301763 0.000000
0.657120 0.000000
0.809095 0.000000
0.131702 0.000000
0.051508 0.000000
0.053422 0.000000
0.457716 0.000000
0.780868 0.000000
0.692076 0.000000
0.442560 0.000000
0.119111 0.000000
0.589637 0.000000
0.578635 0.000000
0.529899 0.000000
0.595045 0.000000
0.361917 0.000000
0.304285 0.000000
0.888723 0.000000
0.476585 0.000000
0.169820 0.000000
0.609729 0.000000
0.525747 0.000000
0.618925 0.000000
0.596196 0.000000
0.233656 0.000000
0.829808 0.000000
0.070090 0.000000
0.098837 0.000000
0.923728 0.000000
0.169650 0.000000
0.481733 0.000000
0.225491 0.000000
0.826769 0.000000
0.290829 0.000000
0.357193 0.000000
0.878278 0.000000
0.344251 0.000000
0.814909 0.000000
0.659146 0.000000
0.036327 0.000000
0.257469 0.000000
0.778257 0.000000
0.625964 0.000000
0.836104 0.000000
0.308157 0.000000
0.221009 0.000000
0.198021 0.000000
0.612442 0.000000
0.109733 0.000000
0.674605 0.000000
0.782262 0.000000
0.719462 0.000000
0.200352 0.000000
0.401188 0.000000
0.315658 0.000000
0.434009 0.000000
0.230996 0.000000
0.385748 0.000000
0.532846 0.000000
0.154724 0.000000
0.555398 0.000000
0.014579 0.000000
0.380215 0.000000
0.382167 0.000000
0.305408 0.000000
0.737408 0.000000
0.260445 0.000000
0.649659 0.000000
0.552316 0.000000
0.919591 0.000000
0.685986 0.000000
0.809785 0.000000
0.697848 0.000000
0.311950 0.000000
0.645889 0.000000
0.006005 0.000000
0.532960 0.000000
0.843910 0.000000
0.618447 0.000000
0.642693 0.000000
0.518515 0.000000
0.400709 0.000000
0.362154 0.000000
0.718867 0.000000
0.801897 0.000000
0.677812 0.000000
0.152876 0.000000
0.032893 0.000000
0.063561 0.000000
0.685722 0.000000
0.187616 0.000000
0.618958 0.000000
0.700301 0.000000
0.567831 0.000000
0.001125 0.000000
0.005709 0.000000
0.305239 0.000000
0.261570 0.000000
0.655368 0.000000
0.857555 0.000000
0.181161 0.000000
0.341354 0.000000
0.667341 0.000000
0.879009 0.000000
0.653305 0.000000
0.313230 0.000000
0.885014 0.000000
0.186265 0.000000
0.157139 0.000000
0.503461 0.000000
0.828957 0.000000
0.675654 0.000000
0.904170 0.000000
0.191112 0.000000
0.394521 0.000000
0.706067 0.000000
0.868924 0.000000
0.547397 0.000000
0.738959 0.000000
0.932485 0.000000
0.233119 0.000000
0.926576 0.000000
0.551443 0.000000
0.933420 0.000000
0.494407 0.000000
0.552568 0.000000
0.939129 0.000000
0.799646 0.000000
0.814139 0.000000
0.594497 0.000000
0.657201 0.000000
0.995300 0.000000
0.935852 0.000000
0.324541 0.000000
0.874309 0.000000
0.589157 0.000000
0.637771 0.000000
0.759324 0.000000
0.775421 0.000000
0.794910 0.000000
0.262785 0.000000
0.604379 0.000000
0.470564 0.000000
0.166955 0.000000
0.795490 0.000000
0.865086 0.000000
0.873021 0.000000
0.664414 0.000000
0.412483 0.000000
0.611981 0.000000
0.596899 0.000000
0.645601 0.000000
0.538557 0.000000
0.148342 0.000000
0.579022 0.000000
0.032963 0.000000
0.700910 0.000000
0.518151 0.000000
0.832609 0.000000
0.515049 0.000000
0.112648 0.000000
0.489810 0.000000
0.510349 0.000000
0.048500 0.000000
0.814351 0.000000
0.384658 0.000000
0.637656 0.000000
0.452122 0.000000
0.143982 0.000000
0.413078 0.000000
0.247033 0.000000
0.406767 0.000000
0.017457 0.000000
0.717597 0.000000
0.573721 0.000000
0.812947 0.000000
0.582682 0.000000
0.446743 0.000000
0.477361 0.000000
0.995165 0.000000
0.058723 0.000000
0.074260 0.000000
0.640766 0.000000
0.597280 0.000000
0.222602 0.000000
0.219788 0.000000
0.630243 0.000000
0.923513 0.000000
0.737939 0.000000
0.462852 0.000000
0.438562 0.000000
0.850586 0.000000
0.952662 0.000000
0.948911 0.000000
0.899086 0.000000
0.767014 0.000000
0.333569 0.000000
0.536742 0.000000
0.219136 0.000000
0.477551 0.000000
0.949820 0.000000
0.466169 0.000000
0.884318 0.000000
0.967277 0.000000
0.183765 0.000000
0.458039 0.000000
0.780224 0.000000
0.766448 0.000000
0.904782 0.000000
0.257585 0.000000
0.761612 0.000000
0.963505 0.000000
0.331846 0.000000
0.402379 0.000000
0.560785 0.000000
0.554448 0.000000
0.622167 0.000000
0.191028 0.000000
0.477961 0.000000
0.360105 0.000000
0.653880 0.000000
0.916523 0.000000
0.210692 0.000000
0.606542 0.000000
0.865434 0.000000
0.109778 0.000000
0.373556 0.000000
0.199003 0.000000
0.646520 0.000000
0.592692 0.000000
0.676554 0.000000
0.596341 0.000000
0.058860 0.000000
0.560872 0.000000
0.563617 0.000000
0.242626 0.000000
0.018911 0.000000
0.343841 0.000000
0.009073 0.000000
0.923692 0.000000
0.601427 0.000000
0.770686 0.000000
0.887197 0.000000
0.933273 0.000000
0.173065 0.000000
0.447982 0.000000
0.487721 0.000000
0.795231 0.000000
0.639009 0.000000
0.965682 0.000000
0.155336 0.000000
0.292889 0.000000
0.882204 0.000000
0.366028 0.000000
0.899431 0.000000
0.747638 0.000000
0.475806 0.000000
0.272987 0.000000
0.946640 0.000000
0.122326 0.000000
0.865679 0.000000
0.623194 0.000000
0.718666 0.000000
0.924540 0.000000
0.184066 0.000000
0.282284 0.000000
0.167165 0.000000
0.202977 0.000000
0.626125 0.000000
0.176239 0.000000
0.126669 0.000000
0.227552 0.000000
0.946925 0.000000
0.013866 0.000000
0.160824 0.000000
0.119989 0.000000
0.461848 0.000000
0.648545 0.000000
0.915221 0.000000
0.100857 0.000000
0.614227 0.000000
0.070557 0.000000
0.393746 0.000000
0.496431 0.000000
0.436585 0.000000
0.293177 0.000000
0.244069 0.000000
0.912391 0.000000
0.566164 0.000000
0.190709 0.000000
0.034716 0.000000
0.431844 0.000000
0.813904 0.000000
0.753383 0.000000
0.356383 0.000000
0.997970 0.000000
0.035666 0.000000
0.523548 0.000000
0.200947 0.000000
0.661792 0.000000
0.699787 0.000000
0.327616 0.000000
0.889343 0.000000
0.646712 0.000000
0.341482 0.000000
0.050168 0.000000
0.766701 0.000000
0.803330 0.000000
0.698713 0.000000
0.681922 0.000000
0.904187 0.000000
0.312940 0.000000
0.752479 0.000000
0.297933 0.000000
0.809371 0.000000
0.189064 0.000000
0.591111 0.000000
0.053439 0.000000
0.101454 0.000000
0.157275 0.000000
0.244149 0.000000
0.136171 0.000000
0.589119 0.000000
0.058052 0.000000
0.889553 0.000000
0.945502 0.000000
0.056022 0.000000
0.925220 0.000000
0.469050 0.000000
0.256969 0.000000
0.587011 0.000000
0.168837 0.000000
0.584585 0.000000
0.476355 0.000000
0.815549 0.000000
0.926068 0.000000
0.526523 0.000000
0.582250 0.000000
0.729398 0.000000
0.225236 0.000000
0.264172 0.000000
0.633585 0.000000
0.538175 0.000000
0.016651 0.000000
0.931518 0.000000
0.347546 0.000000
0.205714 0.000000
0.522629 0.000000
0.400985 0.000000
0.307168 0.000000
0.679904 0.000000
0.645134 0.000000
0.443339 0.000000
0.269022 0.000000
0.703186 0.000000
0.332892 0.000000
0.214524 0.000000
0.759208 0.000000
0.258112 0.000000
0.683574 0.000000
0.016177 0.000000
0.845123 0.000000
0.852411 0.000000
0.600763 0.000000
0.321478 0.000000
0.667960 0.000000
0.526830 0.000000
0.848000 0.000000
0.250210 0.000000
0.256228 0.000000
0.073236 0.000000
0.514382 0.000000
0.889813 0.000000
0.611411 0.000000
0.531033 0.000000
0.821331 0.000000
0.958957 0.000000
0.736747 0.000000
0.343959 0.000000
0.359942 0.000000
0.043915 0.000000
0.023863 0.000000
0.005076 0.000000
0.487254 0.000000
0.292886 0.000000
0.708262 0.000000
0.820146 0.000000
0.507410 0.000000
0.467471 0.000000
0.078258 0.000000
0.190984 0.000000
0.483648 0.000000
0.923381 0.000000
0.043395 0.000000
0.084411 0.000000
0.244858 0.000000
0.711355 0.000000
0.611241 0.000000
0.092858 0.000000
0.961565 0.000000
0.867469 0.000000
0.166094 0.000000
0.475947 0.000000
0.757282 0.000000
0.777505 0.000000
0.006980 0.000000
0.578613 0.000000
0.736462 0.000000
0.743727 0.000000
0.922572 0.000000
0.096404 0.000000
0.787642 0.000000
0.946435 0.000000
0.101480 0.000000
0.274897 0.000000
0.239321 0.000000
0.809743 0.000000
0.095043 0.000000
0.746730 0.000000
0.277214 0.000000
0.173301 0.000000
0.937714 0.000000
0.760862 0.000000
0.096681 0.000000
0.981109 0.000000
0.845273 0.000000
0.341540 0.000000
0.692463 0.000000
0.456514 0.000000
0.434398 0.000000
0.654029 0.000000
0.323983 0.000000
0.600492 0.000000
0.129976 0.000000
0.081265 0.000000
0.377997 0.000000
0.136956 0.000000
0.659878 0.000000
0.114459 0.000000
0.880683 0.000000
0.582450 0.000000
0.210863 0.000000
0.668326 0.000000
0.528885 0.000000
0.312343 0.000000
0.943222 0.000000
0.768206 0.000000
0.122086 0.000000
0.038265 0.000000
0.514936 0.000000
0.399300 0.000000
0.211565 0.000000
0.452650 0.000000
0.160162 0.000000
0.308247 0.000000
0.433758 0.000000
0.005435 0.000000
0.649787 0.000000
0.126222 0.000000
0.461949 0.000000
0.084185 0.000000
0.780251 0.000000
0.785932 0.000000
0.684677 0.000000
0.910227 0.000000
0.867197 0.000000
0.062674 0.000000
0.047183 0.000000
0.527075 0.000000
0.177133 0.000000
0.927866 0.000000
0.109525 0.000000
0.387996 0.000000
0.596191 0.000000
0.638409 0.000000
0.700340 0.000000
0.539413 0.000000
0.406615 0.000000
0.822426 0.000000
0.577678 0.000000
0.921551 0.000000
0.221726 0.000000
0.789244 0.000000
0.374201 0.000000
0.381888 0.000000
0.097491 0.000000
0.807959 0.000000
0.387323 0.000000
0.747277 0.000000
0.934181 0.000000
0.849272 0.000000
0.831462 0.000000
0.714432 0.000000
0.635204 0.000000
0.516139 0.000000
0.624658 0.000000
0.502401 0.000000
0.578813 0.000000
0.671841 0.000000
0.029476 0.000000
0.755945 0.000000
0.599707 0.000000
0.139001 0.000000
0.143942 0.000000
0.195898 0.000000
0.777410 0.000000
0.844281 0.000000
0.735311 0.000000
0.184025 0.000000
0.666707 0.000000
0.312990 0.000000
0.105576 0.000000
0.888433 0.000000
0.102233 0.000000
0.479777 0.000000
0.270321 0.000000
0.199724 0.000000
0.287736 0.000000
0.657643 0.000000
0.947001 0.000000
0.221918 0.000000
0.506915 0.000000
0.778463 0.000000
0.936349 0.000000
0.142119 0.000000
0.294601 0.000000
0.561007 0.000000
0.644520 0.000000
0.873414 0.000000
0.232848 0.000000
0.673996 0.000000
0.629359 0.000000
0.832555 0.000000
0.812997 0.000000
0.773301 0.000000
0.028453 0.000000
0.590407 0.000000
0.617582 0.000000
0.763764 0.000000
0.774432 0.000000
0.284289 0.000000
0.076753 0.000000
0.880009 0.000000
0.172722 0.000000
0.178987 0.000000
0.359786 0.000000
0.443043 0.000000
0.378710 0.000000
0.647522 0.000000
0.100686 0.000000
0.325711 0.000000
0.869440 0.000000
0.607600 0.000000
0.104174 0.000000
0.805789 0.000000
0.749719 0.000000
0.398775 0.000000
0.366796 0.000000
0.394239 0.000000
0.272189 0.000000
0.599644 0.000000
0.068235 0.000000
0.901549 0.000000
0.432199 0.000000
0.881232 0.000000
0.674850 0.000000
0.460652 0.000000
0.471639 0.000000
0.292432 0.000000
0.224415 0.000000
0.246071 0.000000
0.576721 0.000000
0.301169 0.000000
0.126080 0.000000
0.749443 0.000000
0.480156 0.000000
0.485866 0.000000
0.192486 0.000000
0.858866 0.000000
0.133388 0.000000
0.293171 0.000000
0.184577 0.000000
0.002828 0.000000
0.900772 0.000000
0.288752 0.000000
0.808617 0.000000
0.650491 0.000000
0.687527 0.000000
0.175413 0.000000
0.044729 0.000000
0.959716 0.000000
0.775058 0.000000
0.112964 0.000000
0.861265 0.000000
0.207257 0.000000
0.994196 0.000000
0.536115 0.000000
0.667908 0.000000
0.465835 0.000000
0.828546 0.000000
0.892324 0.000000
0.711906 0.000000
0.405267 0.000000
0.193493 0.000000
0.837986 0.000000
0.154711 0.000000
0.673648 0.000000
0.323852 0.000000
0.347196 0.000000
0.532514 0.000000
0.457240 0.000000
0.640368 0.000000
0.717092 0.000000
0.460067 0.000000
0.541140 0.000000
0.005843 0.000000
0.268684 0.000000
0.191630 0.000000
0.693370 0.000000
0.444097 0.000000
0.236360 0.000000
0.653087 0.000000
0.219155 0.000000
0.349324 0.000000
0.514352 0.000000
0.426412 0.000000
0.343520 0.000000
0.050466 0.000000
0.094320 0.000000
0.809355 0.000000
0.879013 0.000000
0.986644 0.000000
0.521261 0.000000
0.284280 0.000000
0.180136 0.000000
0.359247 0.000000
0.438990 0.000000
0.853785 0.000000
0.683098 0.000000
0.786187 0.000000
0.386299 0.000000
0.140338 0.000000
0.426555 0.000000
0.103390 0.000000
0.600405 0.000000
0.967694 0.000000
0.109233 0.000000
0.869090 0.000000
0.159324 0.000000
0.802604 0.000000
0.313187 0.000000
0.395684 0.000000
0.455690 0.000000
0.532342 0.000000
0.745008 0.000000
0.970042 0.000000
0.958753 0.000000
0.088528 0.000000
0.020508 0.000000
0.053073 0.000000
0.897883 0.000000
0.899521 0.000000
0.039717 0.000000
0.419144 0.000000
0.183801 0.000000
0.219853 0.000000
0.778391 0.000000
0.622791 0.000000
0.073638 0.000000
0.461489 0.000000
0.408978 0.000000
0.459937 0.000000
0.601827 0.000000
0.835533 0.000000
0.563327 0.000000
0.202232 0.000000
0.803227 0.000000
0.672560 0.000000
0.071322 0.000000
0.962551 0.000000
0.475164 0.000000
0.384509 0.000000
0.358235 0.000000
0.930854 0.000000
0.916851 0.000000
0.103244 0.000000
0.900896 0.000000
0.875604 0.000000
0.191772 0.000000
0.921405 0.000000
0.928678 0.000000
0.089655 0.000000
0.820926 0.000000
0.968395 0.000000
0.508799 0.000000
0.004727 0.000000
0.188248 0.000000
0.287189 0.000000
0.627518 0.000000
0.261886 0.000000
0.748678 0.000000
0.036496 0.000000
0.721822 0.000000
0.350505 0.000000
0.872028 0.000000
0.285149 0.000000
0.552738 0.000000
0.675255 0.000000
0.957709 0.000000
0.624060 0.000000
0.637806 0.000000
0.432873 0.000000
0.008569 0.000000
0.996042 0.000000
0.363727 0.000000
0.925420 0.000000
0.099285 0.000000
0.264624 0.000000
0.801024 0.000000
0.291057 0.000000
0.186029 0.000000
0.729702 0.000000
0.380712 0.000000
0.006954 0.000000
0.698096 0.000000
0.889511 0.000000
0.011681 0.000000
0.886344 0.000000
0.176700 0.000000
0.639199 0.000000
0.148230 0.000000
0.925379 0.000000
0.675694 0.000000
0.870053 0.000000
0.275884 0.000000
0.547723 0.000000
0.155202 0.000000
0.828622 0.000000
0.222978 0.000000
0.112911 0.000000
0.452681 0.000000
0.860784 0.000000
0.545784 0.000000
0.461250 0.000000
0.856826 0.000000
0.909512 0.000000
0.386669 0.000000
0.956111 0.000000
0.174136 0.000000
0.187693 0.000000
0.247168 0.000000
0.360164 0.000000
0.917395 0.000000
0.627880 0.000000
0.367118 0.000000
0.615491 0.000000
0.517391 0.000000
0.378799 0.000000
0.501835 0.000000
0.694091 0.000000
0.017998 0.000000
0.650066 0.000000
0.619470 0.000000
0.693692 0.000000
0.520118 0.000000
0.895354 0.000000
0.241415 0.000000
0.675320 0.000000
0.723975 0.000000
0.464393 0.000000
0.788231 0.000000
0.176656 0.000000
0.325177 0.000000
0.334016 0.000000
0.637906 0.000000
0.182003 0.000000
0.243528 0.000000
0.024575 0.000000
0.138114 0.000000
0.417663 0.000000
0.212269 0.000000
0.385282 0.000000
0.777828 0.000000
0.129663 0.000000
0.013161 0.000000
0.144946 0.000000
0.745154 0.000000
0.530552 0.000000
0.523745 0.000000
0.246990 0.000000
0.224643 0.000000
0.541743 0.000000
0.897055 0.000000
0.844113 0.000000
0.235435 0.000000
0.417174 0.000000
0.739467 0.000000
0.476850 0.000000
0.092494 0.000000
0.463442 0.000000
0.941243 0.000000
0.880725 0.000000
0.640098 0.000000
0.266420 0.000000
0.214741 0.000000
0.278005 0.000000
0.448423 0.000000
0.458269 0.000000
0.302580 0.000000
0.586537 0.000000
0.875932 0.000000
0.514849 0.000000
0.971818 0.000000
0.653760 0.000000
0.644512 0.000000
0.984980 0.000000
0.798706 0.000000
0.389667 0.000000
0.515532 0.000000
0.322451 0.000000
0.636656 0.000000
0.740175 0.000000
0.864194 0.000000
0.533712 0.000000
0.584288 0.000000
0.099629 0.000000
0.950885 0.000000
0.323755 0.000000
0.576479 0.000000
0.043379 0.000000
0.787197 0.000000
0.517722 0.000000
0.924104 0.000000
0.427295 0.000000
0.784142 0.000000
0.138845 0.000000
0.705300 0.000000
0.232565 0.000000
0.597114 0.000000
0.007880 0.000000
0.819102 0.000000
0.473045 0.000000
0.522729 0.000000
0.790920 0.000000
0.126805 0.000000
0.167241 0.000000
0.775899 0.000000
0.925511 0.000000
0.556908 0.000000
0.291431 0.000000
0.247962 0.000000
0.193564 0.000000
0.031606 0.000000
0.112157 0.000000
0.727276 0.000000
0.615894 0.000000
0.211786 0.000000
0.678161 0.000000
0.939649 0.000000
0.788265 0.000000
0.721540 0.000000
0.726846 0.000000
0.305987 0.000000
0.645644 0.000000
0.154141 0.000000
0.090130 0.000000
0.784489 0.000000
0.859441 0.000000
0.322695 0.000000
0.381603 0.000000
0.867321 0.000000
0.141796 0.000000
0.854648 0.000000
0.390050 0.000000
0.932716 0.000000
0.981453 0.000000
0.557291 0.000000
0.708616 0.000000
0.906964 0.000000
0.114199 0.000000
0.000047 0.000000
0.154927 0.000000
0.307763 0.000000
0.031653 0.000000
0.267083 0.000000
0.035039 0.000000
0.647548 0.000000
0.478869 0.000000
0.713200 0.000000
0.587197 0.000000
0.267134 0.000000
0.434740 0.000000
0.314043 0.000000
0.573122 0.000000
0.080384 0.000000
0.468185 0.000000
0.663252 0.000000
0.864873 0.000000
0.327626 0.000000
0.985946 0.000000
0.246476 0.000000
0.194948 0.000000
0.127743 0.000000
0.101124 0.000000
0.584998 0.000000
0.060459 0.000000
0.082577 0.000000
0.142289 0.000000
0.769074 0.000000
0.989541 0.000000
0.256489 0.000000
0.769121 0.000000
0.144468 0.000000
0.564252 0.000000
0.800775 0.000000
0.411551 0.000000
0.599291 0.000000
0.448322 0.000000
0.890420 0.000000
0.312491 0.000000
0.035519 0.000000
0.157555 0.000000
0.747231 0.000000
0.349562 0.000000
0.730677 0.000000
0.827615 0.000000
0.817747 0.000000
0.393928 0.000000
0.692488 0.000000
0.145373 0.000000
0.379874 0.000000
0.938963 0.000000
0.340321 0.000000
0.507617 0.000000
0.040087 0.000000
0.925318 0.000000
0.568076 0.000000
0.122664 0.000000
0.067608 0.000000
0.337150 0.000000
0.112205 0.000000
0.324096 0.000000
0.106272 0.000000
0.256673 0.000000
0.888348 0.000000
0.907046 0.000000
0.668224 0.000000
0.487639 0.000000
0.355369 0.000000
0.558645 0.000000
0.800129 0.000000
0.390888 0.000000
0.716199 0.000000
0.547360 0.000000
0.740450 0.000000
0.446876 0.000000
0.374975 0.000000
0.558198 0.000000
0.840804 0.000000
0.067462 0.000000
0.703571 0.000000
0.220679 0.000000
0.006426 0.000000
0.043891 0.000000
0.728296 0.000000
0.046513 0.000000
0.969210 0.000000
0.296372 0.000000
0.169177 0.000000
0.036818 0.000000
0.633522 0.000000
0.281382 0.000000
0.360914 0.000000
0.739794 0.000000
0.538055 0.000000
0.249262 0.000000
0.646840 0.000000
0.206280 0.000000
0.736901 0.000000
0.002209 0.000000
0.764925 0.000000
0.537030 0.000000
0.393097 0.000000
0.481124 0.000000
0.084390 0.000000
0.133548 0.000000
0.928000 0.000000
0.459365 0.000000
0.691745 0.000000
0.768804 0.000000
0.526827 0.000000
0.395316 0.000000
0.989483 0.000000
0.533253 0.000000
0.439207 0.000000
0.717778 0.000000
0.579765 0.000000
0.408417 0.000000
0.014150 0.000000
0.748942 0.000000
0.445235 0.000000
0.647672 0.000000
0.030324 0.000000
0.806149 0.000000
0.387466 0.000000
0.568379 0.000000
0.055411 0.000000
0.034307 0.000000
0.774659 0.000000
0.792311 0.000000
0.036516 0.000000
0.539584 0.000000
0.329342 0.000000
0.429613 0.000000
0.020708 0.000000
0.413732 0.000000
0.563161 0.000000
0.948708 0.000000
0.873097 0.000000
0.254906 0.000000
0.717512 0.000000
0.399924 0.000000
0.650222 0.000000
0.706995 0.000000
0.933176 0.000000
0.089430 0.000000
0.424774 0.000000
0.512941 0.000000
0.497847 0.000000
0.438924 0.000000
0.261883 0.000000
0.943081 0.000000
0.086596 0.000000
0.292207 0.000000
0.749230 0.000000
0.474063 0.000000
0.860587 0.000000
0.804641 0.000000
0.508369 0.000000
0.635246 0.000000
0.596952 0.000000
0.544885 0.000000
0.174830 0.000000
0.926294 0.000000
0.974499 0.000000
0.195538 0.000000
0.340026 0.000000
0.537660 0.000000
0.144246 0.000000
0.213122 0.000000
0.792566 0.000000
0.861759 0.000000
0.613046 0.000000
0.442789 0.000000
0.568754 0.000000
0.546222 0.000000
0.532218 0.000000
0.993528 0.000000
0.059163 0.000000
0.030065 0.000000
0.432452 0.000000
0.321047 0.000000
0.973147 0.000000
0.519048 0.000000
0.613254 0.000000
0.722377 0.000000
0.993110 0.000000
0.473841 0.000000
0.527017 0.000000
0.501480 0.000000
0.109087 0.000000
0.123969 0.000000
0.046365 0.000000
0.283917 0.000000
0.050263 0.000000
0.020864 0.000000
0.479455 0.000000
0.390289 0.000000
0.558524 0.000000
0.623701 0.000000
0.603411 0.000000
0.351090 0.000000
0.485460 0.000000
0.216457 0.000000
0.793879 0.000000
0.054214 0.000000
0.762679 0.000000
0.326097 0.000000
0.047742 0.000000
0.821842 0.000000
0.356162 0.000000
0.480193 0.000000
0.142889 0.000000
0.329309 0.000000
0.999241 0.000000
0.756143 0.000000
0.051685 0.000000
0.992352 0.000000
0.229984 0.000000
0.578702 0.000000
0.493831 0.000000
0.339071 0.000000
0.702672 0.000000
0.540197 0.000000
0.622988 0.000000
0.752935 0.000000
0.561060 0.000000
0.102443 0.000000
0.143224 0.000000
0.119584 0.000000
0.726144 0.000000
0.746635 0.000000
0.470674 0.000000
0.211604 0.000000
0.963092 0.000000
0.264553 0.000000
0.265818 0.000000
0.725771 0.000000
0.590649 0.000000
0.313560 0.000000
0.547613 0.000000
0.946811 0.000000
0.793753 0.000000
0.690502 0.000000
0.276120 0.000000
0.792995 0.000000
0.446645 0.000000
0.327805 0.000000
0.785346 0.000000
0.676628 0.000000
0.906508 0.000000
0.279178 0.000000
0.015699 0.000000
0.609179 0.000000
0.819374 0.000000
0.638687 0.000000
0.362115 0.000000
0.380434 0.000000
0.741130 0.000000
0.505339 0.000000
0.500019 0.000000
0.467274 0.000000
0.251974 0.000000
0.970693 0.000000
0.678878 0.000000
0.215066 0.000000
0.235245 0.000000
0.944697 0.000000
0.940837 0.000000
0.825895 0.000000
0.258257 0.000000
0.488450 0.000000
0.772706 0.000000
0.052010 0.000000
0.178952 0.000000
0.048826 0.000000
0.845005 0.000000
0.625596 0.000000
0.376631 0.000000
0.630351 0.000000
0.302225 0.000000
0.283138 0.000000
0.909529 0.000000
0.317924 0.000000
0.892318 0.000000
0.728903 0.000000
0.956611 0.000000
0.254432 0.000000
0.109337 0.000000
0.697741 0.000000
0.759771 0.000000
0.609356 0.000000
0.165015 0.000000
0.011745 0.000000
0.580048 0.000000
0.843894 0.000000
0.226811 0.000000
0.815294 0.000000
0.788590 0.000000
0.167648 0.000000
0.641188 0.000000
0.046847 0.000000
0.656098 0.000000
0.413894 0.000000
0.098858 0.000000
0.835050 0.000000
0.462720 0.000000
0.943863 0.000000
0.460646 0.000000
0.839351 0.000000
0.574214 0.000000
0.762871 0.000000
0.122489 0.000000
0.483742 0.000000
0.080795 0.000000
0.014807 0.000000
0.212645 0.000000
0.037406 0.000000
0.269239 0.000000
0.321982 0.000000
0.735147 0.000000
0.029011 0.000000
0.931338 0.000000
0.900163 0.000000
0.040756 0.000000
0.511386 0.000000
0.744056 0.000000
0.267567 0.000000
0.326680 0.000000
0.532647 0.000000
0.435216 0.000000
0.967868 0.000000
0.579494 0.000000
0.091314 0.000000
0.381762 0.000000
0.678351 0.000000
0.926364 0.000000
0.844482 0.000000
0.622214 0.000000
0.387011 0.000000
0.683833 0.000000
0.196428 0.000000
0.149882 0.000000
0.806322 0.000000
0.680170 0.000000
0.230677 0.000000
0.821129 0.000000
0.892815 0.000000
0.268084 0.000000
0.090368 0.000000
0.214797 0.000000
0.003231 0.000000
0.119379 0.000000
0.146135 0.000000
0.903394 0.000000
0.160135 0.000000
0.657522 0.000000
0.647450 0.000000
0.427702 0.000000
0.984202 0.000000
0.180096 0.000000
0.862918 0.000000
0.952070 0.000000
0.759590 0.000000
0.954232 0.000000
0.333832 0.000000
0.437942 0.000000
0.880596 0.000000
0.178314 0.000000
0.060156 0.000000
0.267607 0.000000
0.862147 0.000000
0.256583 0.000000
0.417489 0.000000
0.668469 0.000000
0.936754 0.000000
0.648167 0.000000
0.489597 0.000000
0.829569 0.000000
0.916250 0.000000
0.579965 0.000000
0.044366 0.000000
0.919481 0.000000
0.699344 0.000000
0.190501 0.000000
0.822875 0.000000
0.859479 0.000000
0.848023 0.000000
0.470325 0.000000
0.287181 0.000000
0.832225 0.000000
0.650421 0.000000
0.150099 0.000000
0.784295 0.000000
0.410011 0.000000
0.104331 0.000000
0.118126 0.000000
0.847953 0.000000
0.984927 0.000000
0.296440 0.000000
0.908109 0.000000
0.252535 0.000000
0.158587 0.000000
0.164692 0.000000
0.670024 0.000000
0.827056 0.000000
0.101446 0.000000
0.318191 0.000000
0.316653 0.000000
0.931014 0.000000
0.234441 0.000000
0.896618 0.000000
0.975380 0.000000
0.153923 0.000000
0.595963 0.000000
0.165882 0.000000
0.976798 0.000000
0.455442 0.000000
0.013905 0.000000
0.447123 0.000000
0.742623 0.000000
0.846130 0.000000
0.097544 0.000000
0.892721 0.000000
0.630424 0.000000
0.507555 0.000000
0.997052 0.000000
0.748551 0.000000
0.355508 0.000000
0.981980 0.000000
0.044991 0.000000
0.263617 0.000000
0.234514 0.000000
0.203578 0.000000
0.428309 0.000000
0.904539 0.000000
0.030634 0.000000
0.529754 0.000000
0.222729 0.000000
0.347287 0.000000
0.460768 0.000000
0.457171 0.000000
0.243905 0.000000
0.436149 0.000000
0.611093 0.000000
0.839868 0.000000
0.602030 0.000000
0.587891 0.000000
0.295309 0.000000
0.615935 0.000000
0.035014 0.000000
0.037932 0.000000
0.462065 0.000000
0.132558 0.000000
0.930653 0.000000
0.092489 0.000000
0.640113 0.000000
0.927706 0.000000
0.841040 0.000000
0.995620 0.000000
0.909686 0.000000
0.886031 0.000000
0.259237 0.000000
0.144200 0.000000
0.089609 0.000000
0.687546 0.000000
0.048739 0.000000
0.120243 0.000000
0.217300 0.000000
0.271468 0.000000
0.467529 0.000000
0.678068 0.000000
0.728638 0.000000
0.711434 0.000000
0.114216 0.000000
0.339732 0.000000
0.551302 0.000000
0.716247 0.000000
0.927623 0.000000
0.846611 0.000000
0.332182 0.000000
0.962637 0.000000
0.884543 0.000000
0.794247 0.000000
0.095194 0.000000
0.815197 0.000000
0.886736 0.000000
0.735307 0.000000
0.742903 0.000000
0.727776 0.000000
0.730928 0.000000
0.652588 0.000000
0.613807 0.000000
0.990165 0.000000
0.796788 0.000000
0.703416 0.000000
0.677710 0.000000
0.845527 0.000000
0.823659 0.000000
0.895010 0.000000
0.116995 0.000000
0.291188 0.000000
0.573077 0.000000
0.845633 0.000000
0.002623 0.000000
0.687294 0.000000
0.185365 0.000000
0.553925 0.000000
0.403541 0.000000
0.112988 0.000000
0.400536 0.000000
0.735723 0.000000
0.075625 0.000000
0.285080 0.000000
0.529970 0.000000
0.170819 0.000000
0.100276 0.000000
0.416706 0.000000
0.906126 0.000000
0.843179 0.000000
0.144482 0.000000
0.637054 0.000000
0.495767 0.000000
0.758290 0.000000
0.627219 0.000000
0.292555 0.000000
0.461706 0.000000
0.304929 0.000000
0.138082 0.000000
0.285365 0.000000
0.199938 0.000000
0.255076 0.000000
0.576553 0.000000
0.773016 0.000000
0.100709 0.000000
0.579176 0.000000
0.460309 0.000000
0.286074 0.000000
0.133100 0.000000
0.863850 0.000000
0.399062 0.000000
0.533636 0.000000
0.599573 0.000000
0.474687 0.000000
0.818716 0.000000
0.129542 0.000000
0.645506 0.000000
0.918992 0.000000
0.546248 0.000000
0.551633 0.000000
0.762171 0.000000
0.690731 0.000000
0.188687 0.000000
0.257939 0.000000
0.449020 0.000000
0.815905 0.000000
0.550494 0.000000
0.910726 0.000000
0.120834 0.000000
0.688576 0.000000
0.196091 0.000000
0.320772 0.000000
0.943652 0.000000
0.772644 0.000000
0.093788 0.000000
0.044362 0.000000
0.351819 0.000000
0.554097 0.000000
0.330436 0.000000
0.484919 0.000000
0.417947 0.000000
0.729499 0.000000
0.018556 0.000000
0.017520 0.000000
0.204186 0.000000
0.837272 0.000000
0.147062 0.000000
0.849692 0.000000
0.756264 0.000000
0.693311 0.000000
0.401325 0.000000
0.518436 0.000000
0.384041 0.000000
0.590012 0.000000
0.776374 0.000000
0.833062 0.000000
0.405917 0.000000
0.326868 0.000000
0.743788 0.000000
0.526751 0.000000
0.015444 0.000000
0.939879 0.000000
0.847523 0.000000
0.959096 0.000000
0.712522 0.000000
0.941311 0.000000
0.003458 0.000000
0.064342 0.000000
0.495408 0.000000
0.333894 0.000000
0.549261 0.000000
0.913355 0.000000
0.063393 0.000000
0.567817 0.000000
0.930875 0.000000
0.267578 0.000000
0.405089 0.000000
0.077937 0.000000
0.117271 0.000000
0.161353 0.000000
0.771248 0.000000
0.518596 0.000000
0.679788 0.000000
0.155289 0.000000
0.108608 0.000000
0.456162 0.000000
0.988351 0.000000
0.514525 0.000000
0.783030 0.000000
0.732138 0.000000
0.041276 0.000000
0.798474 0.000000
0.672017 0.000000
0.888799 0.000000
0.757571 0.000000
0.384539 0.000000
0.830110 0.000000
0.761029 0.000000
0.448881 0.000000
0.325518 0.000000
0.094923 0.000000
0.998142 0.000000
0.238873 0.000000
0.158316 0.000000
0.565959 0.000000
0.169748 0.000000
0.425894 0.000000
0.971047 0.000000
0.247685 0.000000
0.543165 0.000000
0.132400 0.000000
0.018933 0.000000
0.061761 0.000000
0.812189 0.000000
0.174222 0.000000
0.170368 0.000000
0.268351 0.000000
0.162572 0.000000
0.684893 0.000000
0.051382 0.000000
0.894711 0.000000
0.726169 0.000000
0.849856 0.000000
0.566728 0.000000
0.614968 0.000000
0.607427 0.000000
0.951267 0.000000
0.445079 0.000000
0.368455 0.000000
0.400148 0.000000
0.770597 0.000000
0.463378 0.000000
0.398290 0.000000
0.009470 0.000000
0.621694 0.000000
0.964248 0.000000
0.179218 0.000000
0.047588 0.000000
0.935296 0.000000
0.426904 0.000000
0.590753 0.000000
0.067696 0.000000
0.445836 0.000000
0.652514 0.000000
0.879885 0.000000
0.620058 0.000000
0.822882 0.000000
0.148236 0.000000
0.782631 0.000000
0.507775 0.000000
0.199617 0.000000
0.677342 0.000000
0.233944 0.000000
0.049473 0.000000
0.244069 0.000000
0.848912 0.000000
0.656900 0.000000
0.195336 0.000000
0.293991 0.000000
0.025355 0.000000
0.595484 0.000000
0.064588 0.000000
0.488733 0.000000
0.993774 0.000000
0.074058 0.000000
0.110427 0.000000
0.958022 0.000000
0.253276 0.000000
0.158015 0.000000
0.893318 0.000000
0.680180 0.000000
0.748768 0.000000
0.961014 0.000000
0.126016 0.000000
0.401282 0.000000
0.840899 0.000000
0.746075 0.000000
0.224164 0.000000
0.989134 0.000000
0.528705 0.000000
0.731938 0.000000
0.188752 0.000000
0.206047 0.000000
0.965882 0.000000
0.238225 0.000000
0.450117 0.000000
0.814794 0.000000
0.895125 0.000000
0.645453 0.000000
0.108785 0.000000
0.920480 0.000000
0.240937 0.000000
0.173373 0.000000
0.409213 0.000000
0.234711 0.000000
0.247431 0.000000
0.519640 0.000000
0.192734 0.000000
0.500707 0.000000
0.677655 0.000000
0.086052 0.000000
0.180886 0.000000
0.426423 0.000000
0.047066 0.000000
0.306902 0.000000
0.827705 0.000000
0.887965 0.000000
0.052977 0.000000
0.051869 0.000000
0.877099 0.000000
0.581682 0.000000
0.783807 0.000000
0.065851 0.000000
0.787729 0.000000
0.749690 0.000000
0.304075 0.000000
0.237846 0.000000
0.564484 0.000000
0.199200 0.000000
0.883299 0.000000
0.673269 0.000000
0.119679 0.000000
0.124236 0.000000
0.846642 0.000000
0.528892 0.000000
0.358948 0.000000
0.094073 0.000000
0.048532 0.000000
0.551681 0.000000
0.594779 0.000000
0.726187 0.000000
0.637733 0.000000
0.775665 0.000000
0.152610 0.000000
0.684799 0.000000
0.082568 0.000000
0.980315 0.000000
0.572763 0.000000
0.135545 0.000000
0.032184 0.000000
0.449862 0.000000
0.717227 0.000000
0.815991 0.000000
0.515713 0.000000
0.504956 0.000000
0.565681 0.000000
0.819788 0.000000
0.742802 0.000000
0.130165 0.000000
0.018988 0.000000
0.626101 0.000000
0.803434 0.000000
0.138667 0.000000
0.750337 0.000000
0.650077 0.000000
0.667559 0.000000
0.109285 0.000000
0.744149 0.000000
0.716091 0.000000
0.660966 0.000000
0.338929 0.000000
0.442278 0.000000
0.298698 0.000000
0.114594 0.000000
0.594888 0.000000
0.983497 0.000000
0.197162 0.000000
0.575203 0.000000
0.556260 0.000000
0.332706 0.000000
0.607387 0.000000
0.006122 0.000000
0.049933 0.000000
0.423378 0.000000
0.521834 0.000000
0.554889 0.000000
0.989059 0.000000
0.341622 0.000000
0.297691 0.000000
0.119224 0.000000
0.360610 0.000000
0.923792 0.000000
0.922658 0.000000
0.499278 0.000000
0.674129 0.000000
0.572735 0.000000
0.166837 0.000000
0.783413 0.000000
0.316884 0.000000
0.882928 0.000000
0.444379 0.000000
0.655813 0.000000
0.325206 0.000000
0.743078 0.000000
0.770407 0.000000
0.920094 0.000000
0.726575 0.000000
0.967568 0.000000
0.495297 0.000000
0.282835 0.000000
0.300275 0.000000
0.102683 0.000000
0.288957 0.000000
0.350207 0.000000
0.526061 0.000000
0.810791 0.000000
0.905096 0.000000
0.515120 0.000000
0.152413 0.000000
0.202787 0.000000
0.634344 0.000000
0.513024 0.000000
0.126579 0.000000
0.557002 0.000000
0.012301 0.000000
0.800708 0.000000
0.129737 0.000000
0.179138 0.000000
0.584121 0.000000
0.446622 0.000000
0.062067 0.000000
0.028500 0.000000
0.102434 0.000000
0.387273 0.000000
0.771578 0.000000
0.872841 0.000000
0.307366 0.000000
0.498153 0.000000
0.840409 0.000000
0.802663 0.000000
0.780987 0.000000
0.140684 0.000000
0.905346 0.000000
0.069944 0.000000
0.490891 0.000000
0.431407 0.000000
0.880735 0.000000
0.395988 0.000000
0.946527 0.000000
0.033148 0.000000
0.598775 0.000000
0.580872 0.000000
0.546172 0.000000
0.725354 0.000000
0.137874 0.000000
0.558473 0.000000
0.526062 0.000000
0.267611 0.000000
0.737611 0.000000
0.110183 0.000000
0.714233 0.000000
0.799678 0.000000
0.138684 0.000000
0.816667 0.000000
0.186951 0.000000
0.910262 0.000000
0.689509 0.000000
0.494317 0.000000
0.408414 0.000000
0.529918 0.000000
0.296980 0.000000
0.189401 0.000000
0.670602 0.000000
0.202326 0.000000
0.259345 0.000000
0.161494 0.000000
0.633734 0.000000
0.140080 0.000000
0.557481 0.000000
0.580261 0.000000
0.173228 0.000000
0.156257 0.000000
0.161133 0.000000
0.719400 0.000000
0.881611 0.000000
0.299007 0.000000
0.277873 0.000000
0.407673 0.000000
0.566618 0.000000
0.015484 0.000000
0.517856 0.000000
0.280851 0.000000
0.815162 0.000000
0.656540 0.000000
0.097518 0.000000
0.002113 0.000000
0.566801 0.000000
0.787027 0.000000
0.496430 0.000000
0.975215 0.000000
0.316945 0.000000
0.793410 0.000000
0.164617 0.000000
0.987547 0.000000
0.995737 0.000000
0.423962 0.000000
0.149041 0.000000
0.629471 0.000000
0.564042 0.000000
0.706522 0.000000
0.209732 0.000000
0.737270 0.000000
0.862779 0.000000
0.370865 0.000000
0.456670 0.000000
0.744390 0.000000
0.669871 0.000000
0.734543 0.000000
0.152062 0.000000
0.236490 0.000000
0.750027 0.000000
0.669918 0.000000
0.517341 0.000000
0.565189 0.000000
0.326458 0.000000
0.614859 0.000000
0.567302 0.000000
0.893259 0.000000
0.401886 0.000000
0.063733 0.000000
0.868474 0.000000
0.718831 0.000000
0.857143 0.000000
0.033091 0.000000
0.706378 0.000000
0.852880 0.000000
0.457052 0.000000
0.855419 0.000000
0.482350 0.000000
0.021094 0.000000
0.561941 0.000000
0.692082 0.000000
0.758364 0.000000
0.424720 0.000000
0.062947 0.000000
0.215033 0.000000
0.169109 0.000000
0.732818 0.000000
0.949576 0.000000
0.321172 0.000000
0.969308 0.000000
0.699603 0.000000
0.991090 0.000000
0.486648 0.000000
0.264793 0.000000
0.317548 0.000000
0.101507 0.000000
0.832095 0.000000
0.210806 0.000000
0.503394 0.000000
0.895828 0.000000
0.079281 0.000000
0.222225 0.000000
0.752971 0.000000
0.112371 0.000000
0.928603 0.000000
0.605850 0.000000
0.569424 0.000000
0.784022 0.000000
0.088201 0.000000
0.590518 0.000000
0.345963 0.000000
0.780283 0.000000
0.348881 0.000000
0.770682 0.000000
0.843230 0.000000
0.563915 0.000000
0.939791 0.000000
0.576048 0.000000
0.513491 0.000000
0.260963 0.000000
0.545356 0.000000
0.213094 0.000000
0.252053 0.000000
0.032004 0.000000
0.477887 0.000000
0.569600 0.000000
0.133512 0.000000
0.309982 0.000000
0.780407 0.000000
0.636905 0.000000
0.205809 0.000000
0.859687 0.000000
0.859130 0.000000
0.958780 0.000000
0.972059 0.000000
0.787733 0.000000
0.564630 0.000000
0.541482 0.000000
0.571755 0.000000
0.652831 0.000000
0.132000 0.000000
0.917717 0.000000
0.433114 0.000000
0.480881 0.000000
0.688399 0.000000
0.276344 0.000000
0.044796 0.000000
0.628191 0.000000
0.852391 0.000000
0.558287 0.000000
0.889154 0.000000
0.397747 0.000000
0.771381 0.000000
0.141207 0.000000
0.429751 0.000000
0.249267 0.000000
0.710807 0.000000
0.563263 0.000000
0.559249 0.000000
0.491214 0.000000
0.200168 0.000000
0.765058 0.000000
0.350901 0.000000
0.059298 0.000000
0.723838 0.000000
0.322960 0.000000
0.847031 0.000000
0.288468 0.000000
0.864442 0.000000
0.418785 0.000000
0.941299 0.000000
0.996442 0.000000
0.336502 0.000000
0.374413 0.000000
0.477323 0.000000
0.024902 0.000000
0.650757 0.000000
0.522119 0.000000
0.653093 0.000000
0.503148 0.000000
0.080405 0.000000
0.542247 0.000000
0.900895 0.000000
0.851786 0.000000
0.683453 0.000000
0.330647 0.000000
0.101054 0.000000
0.394260 0.000000
0.893909 0.000000
0.660302 0.000000
0.885474 0.000000
0.094077 0.000000
0.425361 0.000000
0.236375 0.000000
0.153375 0.000000
0.149199 0.000000
0.559335 0.000000
0.000406 0.000000
0.437667 0.000000
0.423777 0.000000
0.419191 0.000000
0.378966 0.000000
0.420218 0.000000
0.755693 0.000000
0.753379 0.000000
0.897541 0.000000
0.780595 0.000000
0.404136 0.000000
0.419660 0.000000
0.433687 0.000000
0.907284 0.000000
0.500065 0.000000
0.975934 0.000000
0.808179 0.000000
0.351851 0.000000
0.659387 0.000000
0.138826 0.000000
0.452905 0.000000
0.053647 0.000000
0.032735 0.000000
0.113207 0.000000
0.939121 0.000000
0.126812 0.000000
0.538568 0.000000
0.175496 0.000000
0.280188 0.000000
0.687766 0.000000
0.734831 0.000000
0.280593 0.000000
0.125433 0.000000
0.158607 0.000000
0.699784 0.000000
0.504399 0.000000
0.578825 0.000000
0.455477 0.000000
0.257778 0.000000
0.476366 0.000000
0.236071 0.000000
0.661914 0.000000
0.896026 0.000000
0.669759 0.000000
0.569198 0.000000
0.396091 0.000000
0.645693 0.000000
0.377377 0.000000
0.747942 0.000000
0.305080 0.000000
0.516203 0.000000
0.200847 0.000000
0.358727 0.000000
0.548938 0.000000
0.314054 0.000000
0.297849 0.000000
0.675750 0.000000
0.852622 0.000000
0.473345 0.000000
0.955938 0.000000
0.540389 0.000000
0.208175 0.000000
0.236531 0.000000
0.665822 0.000000
0.366783 0.000000
0.936315 0.000000
0.170221 0.000000
0.945608 0.000000
0.391792 0.000000
0.427999 0.000000
0.421975 0.000000
0.627863 0.000000
0.089914 0.000000
0.318000 0.000000
0.297622 0.000000
0.659112 0.000000
0.714091 0.000000
0.943315 0.000000
0.036489 0.000000
0.462033 0.000000
0.248395 0.000000
0.552692 0.000000
0.662880 0.000000
0.607122 0.000000
0.101630 0.000000
0.976935 0.000000
0.904971 0.000000
0.777380 0.000000
0.829557 0.000000
0.378316 0.000000
0.733318 0.000000
0.369946 0.000000
0.586491 0.000000
0.969849 0.000000
0.035767 0.000000
0.953274 0.000000
0.906164 0.000000
0.205989 0.000000
0.898882 0.000000
0.297956 0.000000
0.633988 0.000000
0.320857 0.000000
0.925819 0.000000
0.723902 0.000000
0.638857 0.000000
0.223441 0.000000
0.383013 0.000000
0.352948 0.000000
0.166755 0.000000
0.419502 0.000000
0.814982 0.000000
0.415150 0.000000
0.972194 0.000000
0.477862 0.000000
0.022273 0.000000
0.073824 0.000000
0.454797 0.000000
0.927244 0.000000
0.851204 0.000000
0.284354 0.000000
0.305560 0.000000
0.584522 0.000000
0.654299 0.000000
0.892051 0.000000
0.554371 0.000000
0.690067 0.000000
0.845325 0.000000
0.460535 0.000000
0.896055 0.000000
0.744207 0.000000
0.758491 0.000000
0.530043 0.000000
0.065064 0.000000
0.684310 0.000000
0.253945 0.000000
0.703921 0.000000
0.907750 0.000000
0.636959 0.000000
0.056869 0.000000
0.074505 0.000000
0.056461 0.000000
0.871851 0.000000
0.489656 0.000000
0.028655 0.000000
0.349713 0.000000
0.511929 0.000000
0.102479 0.000000
0.804510 0.000000
0.439173 0.000000
0.953683 0.000000
0.088864 0.000000
0.744732 0.000000
0.538205 0.000000
0.743163 0.000000
0.636783 0.000000
0.092576 0.000000
0.433230 0.000000
0.482107 0.000000
0.553111 0.000000
0.329285 0.000000
0.226314 0.000000
0.311602 0.000000
0.859329 0.000000
0.291378 0.000000
0.995912 0.000000
0.113274 0.000000
0.995298 0.000000
0.903662 0.000000
0.750232 0.000000
0.052167 0.000000
0.978167 0.000000
0.806693 0.000000
0.924018 0.000000
0.467823 0.000000
0.835348 0.000000
0.273731 0.000000
0.979752 0.000000
0.937826 0.000000
0.078241 0.000000
0.418925 0.000000
0.891509 0.000000
0.167104 0.000000
0.163657 0.000000
0.429714 0.000000
0.910267 0.000000
0.800440 0.000000
0.522290 0.000000
0.343497 0.000000
0.282547 0.000000
0.075401 0.000000
0.672782 0.000000
0.508861 0.000000
0.387003 0.000000
0.532111 0.000000
0.800239 0.000000
0.382915 0.000000
0.645385 0.000000
0.795537 0.000000
0.286577 0.000000
0.395617 0.000000
0.847705 0.000000
0.264745 0.000000
0.202310 0.000000
0.771723 0.000000
0.732568 0.000000
0.037658 0.000000
0.045454 0.000000
0.712320 0.000000
0.975484 0.000000
0.123695 0.000000
0.131244 0.000000
0.866993 0.000000
0.290799 0.000000
0.294901 0.000000
0.296707 0.000000
0.201067 0.000000
0.095341 0.000000
0.818996 0.000000
0.544564 0.000000
0.377888 0.000000
0.894397 0.000000
0.217346 0.000000
0.886749 0.000000
0.281401 0.000000
0.749457 0.000000
0.686988 0.000000
0.664316 0.000000
0.394842 0.000000
0.482525 0.000000
0.950893 0.000000
0.790458 0.000000
0.330230 0.000000
0.215638 0.000000
0.992768 0.000000
0.101953 0.000000
0.948206 0.000000
0.030426 0.000000
0.147407 0.000000
0.660526 0.000000
0.005910 0.000000
0.271102 0.000000
0.791770 0.000000
0.872903 0.000000
0.561902 0.000000
0.086671 0.000000
0.169610 0.000000
0.762968 0.000000
0.182012 0.000000
0.988606 0.000000
0.307532 0.000000
0.559900 0.000000
0.883004 0.000000
0.524878 0.000000
0.446649 0.000000
0.164405 0.000000
0.274335 0.000000
0.133637 0.000000
0.828721 0.000000
0.669177 0.000000
0.616163 0.000000
0.779615 0.000000
0.459635 0.000000
0.946393 0.000000
0.995253 0.000000
0.452404 0.000000
0.048346 0.000000
0.943459 0.000000
0.482830 0.000000
0.195753 0.000000
0.603984 0.000000
0.488740 0.000000
0.466855 0.000000
0.395754 0.000000
0.361644 0.000000
0.028757 0.000000
0.482426 0.000000
0.531254 0.000000
0.791725 0.000000
0.664438 0.000000
0.519860 0.000000
0.099258 0.000000
0.224338 0.000000
0.402864 0.000000
0.624136 0.000000
0.670987 0.000000
0.567269 0.000000
0.898471 0.000000
0.804625 0.000000
0.395990 0.000000
0.567648 0.000000
0.420787 0.000000
0.175605 0.000000
0.027284 0.000000
0.367180 0.000000
0.170857 0.000000
0.479688 0.000000
0.415526 0.000000
0.114316 0.000000
0.962518 0.000000
0.611279 0.000000
0.718300 0.000000
0.451258 0.000000
0.078135 0.000000
0.114054 0.000000
0.812902 0.000000
0.106892 0.000000
0.596480 0.000000
0.344156 0.000000
0.898617 0.000000
0.260918 0.000000
0.864016 0.000000
0.997875 0.000000
0.485257 0.000000
0.266880 0.000000
0.622011 0.000000
0.156244 0.000000
0.834149 0.000000
0.520482 0.000000
0.960868 0.000000
0.230139 0.000000
0.088130 0.000000
0.381656 0.000000
0.405744 0.000000
0.115414 0.000000
0.748836 0.000000
0.576601 0.000000
0.595102 0.000000
0.164362 0.000000
0.690917 0.000000
0.557619 0.000000
0.775641 0.000000
0.409217 0.000000
0.008877 0.000000
0.853776 0.000000
0.523271 0.000000
0.821779 0.000000
0.960668 0.000000
0.119752 0.000000
0.165934 0.000000
0.859285 0.000000
0.380670 0.000000
0.029950 0.000000
0.857159 0.000000
0.865927 0.000000
0.296830 0.000000
0.479170 0.000000
0.022170 0.000000
0.130979 0.000000
0.999652 0.000000
0.983039 0.000000
0.361119 0.000000
0.087782 0.000000
0.364695 0.000000
0.766862 0.000000
0.203196 0.000000
0.113530 0.000000
0.343464 0.000000
0.798297 0.000000
0.277892 0.000000
0.034380 0.000000
0.355916 0.000000
0.053534 0.000000
0.443597 0.000000
0.364793 0.000000
0.907310 0.000000
0.966868 0.000000
0.186572 0.000000
0.867977 0.000000
0.086620 0.000000
0.352506 0.000000
0.727262 0.000000
0.467290 0.000000
0.382457 0.000000
0.584421 0.000000
0.333217 0.000000
0.679287 0.000000
0.063591 0.000000
0.355387 0.000000
0.810266 0.000000
0.063243 0.000000
0.338426 0.000000
0.171385 0.000000
0.151025 0.000000
0.703121 0.000000
0.938247 0.000000
0.354221 0.000000
0.816651 0.000000
0.281711 0.000000
0.152518 0.000000
0.094543 0.000000
0.316091 0.000000
0.508434 0.000000
0.148077 0.000000
0.759688 0.000000
0.873228 0.000000
0.055387 0.000000
0.726557 0.000000
0.059800 0.000000
0.923364 0.000000
0.813177 0.000000
0.412306 0.000000
0.650626 0.000000
0.280467 0.000000
0.794763 0.000000
0.235047 0.000000
0.613683 0.000000
0.474050 0.000000
0.298639 0.000000
0.969070 0.000000
0.284316 0.000000
0.361881 0.000000
0.307496 0.000000
0.455701 0.000000
0.512906 0.000000
0.010617 0.000000
0.393948 0.000000
0.867127 0.000000
0.827268 0.000000
0.675659 0.000000
0.019645 0.000000
0.921812 0.000000
0.991751 0.000000
0.528079 0.000000
0.069889 0.000000
0.751439 0.000000
0.401306 0.000000
0.125275 0.000000
0.477996 0.000000
0.461106 0.000000
0.048639 0.000000
0.291173 0.000000
0.873412 0.000000
0.699265 0.000000
0.571639 0.000000
0.668175 0.000000
0.934312 0.000000
0.185323 0.000000
0.142225 0.000000
0.232951 0.000000
0.154393 0.000000
0.426541 0.000000
0.594832 0.000000
0.461890 0.000000
0.882242 0.000000
0.107738 0.000000
0.472507 0.000000
0.276190 0.000000
0.974865 0.000000
0.299775 0.000000
0.951850 0.000000
0.994510 0.000000
0.221587 0.000000
0.943601 0.000000
0.522588 0.000000
0.291475 0.000000
0.695040 0.000000
0.923895 0.000000
0.416750 0.000000
0.173036 0.000000
0.385001 0.000000
0.465389 0.000000
0.464208 0.000000
0.258413 0.000000
0.164654 0.000000
0.035848 0.000000
0.926589 0.000000
0.098966 0.000000
0.221171 0.000000
0.068814 0.000000
0.331917 0.000000
0.375564 0.000000
0.495355 0.000000
0.926749 0.000000
0.837454 0.000000
0.377597 0.000000
0.034487 0.000000
0.309961 0.000000
0.653787 0.000000
0.009352 0.000000
0.609736 0.000000
0.605637 0.000000
0.003862 0.000000
0.831323 0.000000
0.549238 0.000000
0.526450 0.000000
0.122798 0.000000
0.244277 0.000000
0.450345 0.000000
0.539549 0.000000
0.417313 0.000000
0.835346 0.000000
0.004938 0.000000
0.881521 0.000000
0.093759 0.000000
0.169592 0.000000
0.917369 0.000000
0.020347 0.000000
0.268558 0.000000
0.138539 0.000000
0.089161 0.000000
0.600475 0.000000
0.514103 0.000000
0.584516 0.000000
0.527224 0.000000
0.351557 0.000000
0.962112 0.000000
0.561712 0.000000
0.661518 0.000000
0.615899 0.000000
0.571064 0.000000
0.271254 0.000000
0.221536 0.000000
0.574926 0.000000
0.102577 0.000000
0.770774 0.000000
0.101377 0.000000
0.225375 0.000000
0.015051 0.000000
0.551721 0.000000
0.764924 0.000000
0.432364 0.000000
0.387067 0.000000
0.769862 0.000000
0.313885 0.000000
0.480826 0.000000
0.939454 0.000000
0.231253 0.000000
0.501174 0.000000
0.208012 0.000000
0.369793 0.000000
0.590334 0.000000
0.808488 0.000000
0.883896 0.000000
0.174850 0.000000
0.335712 0.000000
0.235453 0.000000
0.136962 0.000000
0.897424 0.000000
0.896971 0.000000
0.752861 0.000000
0.468488 0.000000
0.168225 0.000000
0.974398 0.000000
0.043415 0.000000
0.270803 0.000000
0.745172 0.000000
0.144791 0.000000
0.496178 0.000000
0.760223 0.000000
0.696513 0.000000
0.261102 0.000000
0.192586 0.000000
0.083580 0.000000
0.030963 0.000000
0.506471 0.000000
0.564406 0.000000
0.970417 0.000000
0.737725 0.000000
0.065579 0.000000
0.178430 0.000000
0.107517 0.000000
0.655914 0.000000
0.986918 0.000000
0.991413 0.000000
0.830764 0.000000
0.322630 0.000000
0.226866 0.000000
0.967726 0.000000
0.220054 0.000000
0.123838 0.000000
0.720587 0.000000
0.688542 0.000000
0.292063 0.000000
0.694985 0.000000
0.731957 0.000000
0.562866 0.000000
0.440157 0.000000
0.876748 0.000000
0.059043 0.000000
0.200379 0.000000
0.573261 0.000000
0.320145 0.000000
0.392965 0.000000
0.656840 0.000000
0.351109 0.000000
0.899437 0.000000
0.221246 0.000000
0.321526 0.000000
0.637161 0.000000
0.286825 0.000000
0.499956 0.000000
0.744678 0.000000
0.942739 0.000000
0.486873 0.000000
0.736092 0.000000
0.773503 0.000000
0.809503 0.000000
0.962958 0.000000
0.741229 0.000000
0.029557 0.000000
0.086795 0.000000
0.461816 0.000000
0.718099 0.000000
0.378859 0.000000
0.156801 0.000000
0.450056 0.000000
0.941724 0.000000
0.596958 0.000000
0.326804 0.000000
0.000768 0.000000
0.797337 0.000000
0.900065 0.000000
0.320913 0.000000
0.190303 0.000000
0.556905 0.000000
0.672021 0.000000
0.089739 0.000000
0.778152 0.000000
0.993547 0.000000
0.726900 0.000000
0.064977 0.000000
0.493503 0.000000
0.471579 0.000000
0.007716 0.000000
0.980376 0.000000
0.207670 0.000000
0.781219 0.000000
0.789879 0.000000
0.170628 0.000000
0.522448 0.000000
0.819437 0.000000
0.257423 0.000000
0.984264 0.000000
0.537536 0.000000
0.636282 0.000000
0.141065 0.000000
0.987592 0.000000
0.578006 0.000000
0.738023 0.000000
0.314397 0.000000
0.578774 0.000000
0.535360 0.000000
0.214462 0.000000
0.899687 0.000000
0.725663 0.000000
0.771367 0.000000
0.571708 0.000000
0.815402 0.000000
0.549519 0.000000
0.565256 0.000000
0.542303 0.000000
0.614496 0.000000
0.058759 0.000000
0.013881 0.000000
0.622212 0.000000
0.039135 0.000000
0.221551 0.000000
0.403431 0.000000
0.829015 0.000000
0.392179 0.000000
0.925878 0.000000
0.648451 0.000000
0.649603 0.000000
0.910142 0.000000
0.185987 0.000000
0.285885 0.000000
0.051208 0.000000
0.173579 0.000000
0.863891 0.000000
0.789231 0.000000
0.487976 0.000000
0.442665 0.000000
0.324591 0.000000
0.702437 0.000000
0.342352 0.000000
0.050254 0.000000
0.473805 0.000000
0.914060 0.000000
0.865657 0.000000
0.023323 0.000000
0.479315 0.000000
0.407959 0.000000
0.637819 0.000000
0.538074 0.000000
0.421840 0.000000
0.260030 0.000000
0.577209 0.000000
0.643391 0.000000
0.663461 0.000000
0.406224 0.000000
0.035571 0.000000
0.589339 0.000000
0.054675 0.000000
0.685173 0.000000
0.499481 0.000000
0.240662 0.000000
0.971058 0.000000
0.550689 0.000000
0.414241 0.000000
0.834949 0.000000
0.339920 0.000000
0.902217 0.000000
0.277614 0.000000
0.664511 0.000000
0.604654 0.000000
0.619965 0.000000
0.714766 0.000000
0.078458 0.000000
0.534025 0.000000
0.580422 0.000000
0.101782 0.000000
0.013341 0.000000
0.988382 0.000000
0.739600 0.000000
0.551415 0.000000
0.410222 0.000000
0.999630 0.000000
0.128624 0.000000
0.053613 0.000000
0.663091 0.000000
0.534848 0.000000
0.089184 0.000000
0.252430 0.000000
0.589522 0.000000
0.774357 0.000000
0.751912 0.000000
0.830184 0.000000
0.745415 0.000000
0.302601 0.000000
0.244425 0.000000
0.580364 0.000000
0.642521 0.000000
0.146641 0.000000
0.857978 0.000000
0.307032 0.000000
0.751295 0.000000
0.477943 0.000000
0.021798 0.000000
0.829754 0.000000
0.011968 0.000000
0.602221 0.000000
0.931535 0.000000
0.025309 0.000000
0.590602 0.000000
0.671135 0.000000
0.576724 0.000000
0.000824 0.000000
0.670766 0.000000
0.705347 0.000000
0.054437 0.000000
0.333857 0.000000
0.240195 0.000000
0.143621 0.000000
0.586288 0.000000
0.829717 0.000000
0.917979 0.000000
0.338199 0.000000
0.659901 0.000000
0.663394 0.000000
0.640800 0.000000
0.904326 0.000000
0.243758 0.000000
0.283321 0.000000
0.050967 0.000000
0.101735 0.000000
0.590354 0.000000
0.802262 0.000000
0.579678 0.000000
0.612152 0.000000
0.632015 0.000000
0.591647 0.000000
0.214373 0.000000
0.563550 0.000000
0.616955 0.000000
0.804975 0.000000
0.234686 0.000000
0.193679 0.000000
0.805799 0.000000
0.905452 0.000000
0.899026 0.000000
0.860237 0.000000
0.239309 0.000000
0.139221 0.000000
0.003858 0.000000
0.825596 0.000000
0.968939 0.000000
0.921837 0.000000
0.163796 0.000000
0.628840 0.000000
0.585230 0.000000
0.804596 0.000000
0.533165 0.000000
0.828988 0.000000
0.087917 0.000000
0.584132 0.000000
0.930723 0.000000
0.678271 0.000000
0.386394 0.000000
0.510402 0.000000
0.290423 0.000000
0.018409 0.000000
0.102048 0.000000
0.504796 0.000000
0.581960 0.000000
0.719004 0.000000
0.309771 0.000000
0.816645 0.000000
0.912683 0.000000
0.115571 0.000000
0.722097 0.000000
0.811709 0.000000
0.975807 0.000000
0.961406 0.000000
0.950930 0.000000
0.979666 0.000000
0.787003 0.000000
0.919869 0.000000
0.901503 0.000000
0.950798 0.000000
0.548708 0.000000
0.486733 0.000000
0.755394 0.000000
0.081873 0.000000
0.315721 0.000000
0.843312 0.000000
0.666005 0.000000
0.246445 0.000000
0.521583 0.000000
0.052399 0.000000
0.756846 0.000000
0.812006 0.000000
0.070808 0.000000
0.858895 0.000000
0.316802 0.000000
0.652768 0.000000
0.577898 0.000000
0.626573 0.000000
0.469413 0.000000
0.490581 0.000000
0.742143 0.000000
0.191511 0.000000
0.302290 0.000000
0.717951 0.000000
0.152917 0.000000
0.253220 0.000000
0.697616 0.000000
0.939920 0.000000
0.173089 0.000000
0.599119 0.000000
0.890718 0.000000
0.721797 0.000000
0.085852 0.000000
0.646113 0.000000
0.803670 0.000000
0.401573 0.000000
0.489424 0.000000
0.469676 0.000000
0.648018 0.000000
0.011007 0.000000
0.522075 0.000000
0.404864 0.000000
0.823013 0.000000
0.592883 0.000000
0.263759 0.000000
0.139814 0.000000
0.245651 0.000000
0.841657 0.000000
0.766387 0.000000
0.715065 0.000000
0.332238 0.000000
0.508530 0.000000
0.906575 0.000000
0.634528 0.000000
0.226481 0.000000
0.059492 0.000000
0.887748 0.000000
0.924097 0.000000
0.999412 0.000000
0.060836 0.000000
0.523216 0.000000
0.890130 0.000000
0.782633 0.000000
0.609068 0.000000
0.536243 0.000000
0.586303 0.000000
0.010642 0.000000
0.025667 0.000000
0.055979 0.000000
0.658659 0.000000
0.036674 0.000000
0.578054 0.000000
0.063524 0.000000
0.859686 0.000000
0.170937 0.000000
0.327283 0.000000
0.999500 0.000000
0.416589 0.000000
0.168940 0.000000
0.765887 0.000000
0.131653 0.000000
0.501178 0.000000
0.274417 0.000000
0.038229 0.000000
0.135705 0.000000
0.500898 0.000000
0.097721 0.000000
0.023453 0.000000
0.424995 0.000000
0.097133 0.000000
0.084289 0.000000
0.948211 0.000000
0.987263 0.000000
0.866922 0.000000
0.557279 0.000000
0.523506 0.000000
0.453226 0.000000
0.567921 0.000000
0.549173 0.000000
0.509205 0.000000
0.226580 0.000000
0.585846 0.000000
0.087259 0.000000
0.290104 0.000000
0.445533 0.000000
0.258196 0.000000
0.617387 0.000000
0.445033 0.000000
0.674785 0.000000
0.786326 0.000000
0.210920 0.000000
0.806438 0.000000
0.287504 0.000000
0.485337 0.000000
0.844667 0.000000
0.423209 0.000000
0.986235 0.000000
0.942388 0.000000
0.446662 0.000000
0.411230 0.000000
0.039521 0.000000
0.530952 0.000000
0.359441 0.000000
0.026784 0.000000
0.397874 0.000000
0.916720 0.000000
0.550290 0.000000
0.851100 0.000000
0.484641 0.000000
0.099463 0.000000
0.360305 0.000000
0.711222 0.000000
0.685309 0.000000
0.447564 0.000000
0.001326 0.000000
0.130842 0.000000
0.705760 0.000000
0.618712 0.000000
0.575875 0.000000
0.380544 0.000000
0.405038 0.000000
0.786796 0.000000
0.186983 0.000000
0.692542 0.000000
0.272133 0.000000
0.031649 0.000000
0.115752 0.000000
0.258368 0.000000
0.974037 0.000000
0.562414 0.000000
0.669598 0.000000
0.013558 0.000000
0.093366 0.000000
0.029040 0.000000
0.040343 0.000000
0.491240 0.000000
0.945760 0.000000
0.590633 0.000000
0.342340 0.000000
0.430401 0.000000
0.690096 0.000000
0.702645 0.000000
0.141623 0.000000
0.375405 0.000000
0.150208 0.000000
0.142949 0.000000
0.506247 0.000000
0.855968 0.000000
0.761661 0.000000
0.082122 0.000000
0.236512 0.000000
0.166699 0.000000
0.868918 0.000000
0.423495 0.000000
0.859242 0.000000
0.141051 0.000000
0.455145 0.000000
0.974993 0.000000
0.399420 0.000000
0.429182 0.000000
0.537407 0.000000
0.069018 0.000000
0.442740 0.000000
0.630773 0.000000
0.098057 0.000000
0.483083 0.000000
0.122013 0.000000
0.043817 0.000000
0.073716 0.000000
0.464353 0.000000
0.474219 0.000000
0.763811 0.000000
0.166998 0.000000
0.615842 0.000000
0.139216 0.000000
0.317206 0.000000
0.758790 0.000000
0.645464 0.000000
0.173174 0.000000
0.520451 0.000000
0.727586 0.000000
0.409687 0.000000
0.687151 0.000000
0.596504 0.000000
0.833182 0.000000
0.546393 0.000000
0.737555 0.000000
0.288326 0.000000
0.521386 0.000000
0.136975 0.000000
0.717508 0.000000
0.058793 0.000000
0.205993 0.000000
0.160248 0.000000
0.689566 0.000000
0.304050 0.000000
0.643331 0.000000
0.811579 0.000000
0.347868 0.000000
0.717047 0.000000
0.275933 0.000000
0.822086 0.000000
0.480859 0.000000
0.442931 0.000000
0.437928 0.000000
0.620075 0.000000
0.760137 0.000000
0.196719 0.000000
0.265539 0.000000
0.933311 0.000000
0.717170 0.000000
0.993125 0.000000
0.342998 0.000000
0.404321 0.000000
0.589629 0.000000
0.176179 0.000000
0.950714 0.000000
0.327184 0.000000
0.464505 0.000000
0.472099 0.000000
0.464159 0.000000
0.182014 0.000000
0.530892 0.000000
0.670152 0.000000
0.342262 0.000000
0.220459 0.000000
0.974202 0.000000
0.985593 0.000000
0.032038 0.000000
0.322070 0.000000
0.702641 0.000000
0.307971 0.000000
0.144156 0.000000
0.183500 0.000000
0.750902 0.000000
0.582084 0.000000
0.803575 0.000000
0.511039 0.000000
0.778803 0.000000
0.069114 0.000000
0.444350 0.000000
0.495973 0.000000
0.062239 0.000000
0.787347 0.000000
0.900294 0.000000
0.651868 0.000000
0.963527 0.000000
0.851007 0.000000
0.979052 0.000000
0.428032 0.000000
0.323107 0.000000
0.443211 0.000000
0.610046 0.000000
0.853999 0.000000
0.113363 0.000000
0.952308 0.000000
0.074458 0.000000
0.087565 0.000000
0.937901 0.000000
0.106496 0.000000
0.409635 0.000000
0.640542 0.000000
0.414467 0.000000
0.553791 0.000000
0.824041 0.000000
0.165369 0.000000
0.135875 0.000000
0.627616 0.000000
0.676407 0.000000
0.914678 0.000000
0.696730 0.000000
0.120757 0.000000
0.410651 0.000000
0.758969 0.000000
0.908104 0.000000
0.310944 0.000000
0.410836 0.000000
0.871631 0.000000
0.161952 0.000000
0.389888 0.000000
0.299663 0.000000
0.485059 0.000000
0.833099 0.000000
0.909708 0.000000
0.339058 0.000000
0.946461 0.000000
0.862016 0.000000
0.413516 0.000000
0.034026 0.000000
0.799917 0.000000
0.520012 0.000000
0.443661 0.000000
0.440458 0.000000
0.934478 0.000000
0.997451 0.000000
0.264500 0.000000
0.099847 0.000000
0.133326 0.000000
0.892116 0.000000
0.776254 0.000000
0.048004 0.000000
0.588846 0.000000
0.897011 0.000000
0.458655 0.000000
0.347815 0.000000
0.805115 0.000000
0.769599 0.000000
0.758651 0.000000
0.676745 0.000000
0.931551 0.000000
0.148539 0.000000
0.976408 0.000000
0.416609 0.000000
0.981637 0.000000
0.886116 0.000000
0.755667 0.000000
0.928099 0.000000
0.748131 0.000000
0.169183 0.000000
0.962125 0.000000
0.548048 0.000000
0.689194 0.000000
0.405786 0.000000
0.988506 0.000000
0.623672 0.000000
0.403238 0.000000
0.253006 0.000000
0.723519 0.000000
0.536564 0.000000
0.145122 0.000000
0.499773 0.000000
0.584568 0.000000
0.733968 0.000000
0.396784 0.000000
0.043222 0.000000
0.081783 0.000000
0.201899 0.000000
0.812821 0.000000
0.840433 0.000000
0.878644 0.000000
0.744372 0.000000
0.988972 0.000000
0.855051 0.000000
0.160982 0.000000
0.970610 0.000000
0.741167 0.000000
0.916649 0.000000
0.898709 0.000000
0.489298 0.000000
0.085831 0.000000
0.860834 0.000000
0.037347 0.000000
0.775025 0.000000
0.266620 0.000000
0.025853 0.000000
0.398698 0.000000
0.669857 0.000000
0.278859 0.000000
0.122217 0.000000
0.206421 0.000000
0.423981 0.000000
0.621990 0.000000
0.790989 0.000000
0.157949 0.000000
0.018774 0.000000
0.834212 0.000000
0.239732 0.000000
0.220673 0.000000
0.647033 0.000000
0.080166 0.000000
0.099316 0.000000
0.391405 0.000000
0.069138 0.000000
0.954368 0.000000
0.552387 0.000000
0.039747 0.000000
0.695535 0.000000
0.469035 0.000000
0.938456 0.000000
0.184833 0.000000
0.554866 0.000000
0.799290 0.000000
0.222180 0.000000
0.329892 0.000000
0.065910 0.000000
0.248033 0.000000
0.728589 0.000000
0.735767 0.000000
0.526892 0.000000
0.850806 0.000000
0.942188 0.000000
0.950873 0.000000
0.472796 0.000000
0.733178 0.000000
0.108823 0.000000
0.491571 0.000000
0.567389 0.000000
0.348555 0.000000
0.712244 0.000000
0.214422 0.000000
0.428720 0.000000
0.811560 0.000000
0.605827 0.000000
0.497858 0.000000
0.765928 0.000000
0.158214 0.000000
0.537606 0.000000
0.461462 0.000000
0.627250 0.000000
0.476062 0.000000
0.646295 0.000000
0.182116 0.000000
0.275352 0.000000
0.868475 0.000000
0.512008 0.000000
0.341262 0.000000
0.116508 0.000000
0.240597 0.000000
0.077029 0.000000
0.643400 0.000000
0.091403 0.000000
0.019217 0.000000
0.594273 0.000000
0.564199 0.000000
0.752395 0.000000
0.703096 0.000000
0.055770 0.000000
0.319784 0.000000
0.051651 0.000000
0.768013 0.000000
0.534206 0.000000
0.480371 0.000000
0.579573 0.000000
0.140033 0.000000
0.978229 0.000000
0.345501 0.000000
0.298248 0.000000
0.515835 0.000000
0.806963 0.000000
0.925497 0.000000
0.991897 0.000000
0.453259 0.000000
0.107613 0.000000
0.267249 0.000000
0.321734 0.000000
0.619621 0.000000
0.608510 0.000000
0.438242 0.000000
0.860217 0.000000
0.685539 0.000000
0.081642 0.000000
0.951620 0.000000
0.704757 0.000000
0.675915 0.000000
0.515819 0.000000
0.457151 0.000000
0.379011 0.000000
0.571589 0.000000
0.776935 0.000000
0.430662 0.000000
0.339602 0.000000
0.311141 0.000000
0.911033 0.000000
0.919176 0.000000
0.451175 0.000000
0.889262 0.000000
0.264676 0.000000
0.749422 0.000000
0.405098 0.000000
0.071640 0.000000
0.674919 0.000000
0.396995 0.000000
0.524898 0.000000
0.782533 0.000000
0.664243 0.000000
0.846632 0.000000
0.402153 0.000000
0.272754 0.000000
0.284874 0.000000
0.262371 0.000000
0.958293 0.000000
0.366516 0.000000
0.213991 0.000000
0.663049 0.000000
0.042431 0.000000
0.729810 0.000000
0.120201 0.000000
0.421442 0.000000
0.301399 0.000000
0.897136 0.000000
0.852104 0.000000
0.641001 0.000000
0.208278 0.000000
0.763137 0.000000
0.560176 0.000000
0.659452 0.000000
0.652399 0.000000
0.824853 0.000000
0.408875 0.000000
0.057497 0.000000
0.896493 0.000000
0.083794 0.000000
0.454491 0.000000
0.421391 0.000000
0.866327 0.000000
0.118735 0.000000
0.268023 0.000000
0.268480 0.000000
0.391488 0.000000
0.552897 0.000000
0.530851 0.000000
0.349781 0.000000
0.919413 0.000000
0.744841 0.000000
0.012830 0.000000
0.961843 0.000000
0.474651 0.000000
0.133031 0.000000
0.383285 0.000000
0.776050 0.000000
0.030167 0.000000
0.235388 0.000000
0.417051 0.000000
0.238445 0.000000
0.998525 0.000000
0.977227 0.000000
0.897897 0.000000
0.650924 0.000000
0.802080 0.000000
0.306772 0.000000
0.708421 0.000000
0.698573 0.000000
0.390566 0.000000
0.162912 0.000000
0.119964 0.000000
0.256892 0.000000
0.281647 0.000000
0.387987 0.000000
0.525373 0.000000
0.673135 0.000000
0.940884 0.000000
0.056223 0.000000
0.022916 0.000000
0.860296 0.000000
0.801065 0.000000
0.035746 0.000000
0.822139 0.000000
0.275716 0.000000
0.168778 0.000000
0.205424 0.000000
0.051766 0.000000
0.198945 0.000000
0.440813 0.000000
0.468817 0.000000
0.437390 0.000000
0.439338 0.000000
0.446045 0.000000
0.335287 0.000000
0.090262 0.000000
0.248125 0.000000
0.642059 0.000000
0.798683 0.000000
0.946698 0.000000
0.032625 0.000000
0.961596 0.000000
0.066662 0.000000
0.289518 0.000000
0.243243 0.000000
0.454649 0.000000
0.814890 0.000000
0.916378 0.000000
0.395532 0.000000
0.871113 0.000000
0.939294 0.000000
0.255829 0.000000
0.672178 0.000000
0.975040 0.000000
0.077968 0.000000
0.947894 0.000000
0.143818 0.000000
0.283392 0.000000
0.999660 0.000000
0.342763 0.000000
0.724205 0.000000
0.468477 0.000000
0.780153 0.000000
0.163543 0.000000
0.914522 0.000000
0.115440 0.000000
0.253805 0.000000
0.162647 0.000000
0.757499 0.000000
0.052488 0.000000
0.109345 0.000000
0.790125 0.000000
0.014084 0.000000
0.176006 0.000000
0.079642 0.000000
0.257327 0.000000
0.630655 0.000000
0.894532 0.000000
0.173704 0.000000
0.026187 0.000000
0.765645 0.000000
0.112998 0.000000
0.282016 0.000000
0.437823 0.000000
0.088038 0.000000
0.359984 0.000000
0.385717 0.000000
0.231855 0.000000
0.643376 0.000000
0.385378 0.000000
0.574618 0.000000
0.367581 0.000000
0.853855 0.000000
0.354771 0.000000
0.531124 0.000000
0.768377 0.000000
0.470211 0.000000
0.784929 0.000000
0.931024 0.000000
0.227711 0.000000
0.837417 0.000000
0.040368 0.000000
0.017835 0.000000
0.851501 0.000000
0.216375 0.000000
0.097478 0.000000
0.108828 0.000000
0.847030 0.000000
0.992010 0.000000
0.282532 0.000000
0.873217 0.000000
0.757655 0.000000
0.395530 0.000000
0.155233 0.000000
0.195478 0.000000
0.483568 0.000000
0.515216 0.000000
0.581196 0.000000
0.715423 0.000000
0.158592 0.000000
0.966573 0.000000
0.290041 0.000000
0.526173 0.000000
0.820428 0.000000
0.644812 0.000000
0.057297 0.000000
0.588805 0.000000
0.115024 0.000000
0.842226 0.000000
0.519828 0.000000
0.342735 0.000000
0.679643 0.000000
0.560197 0.000000
0.360570 0.000000
0.531144 0.000000
0.776571 0.000000
0.458048 0.000000
0.639973 0.000000
0.623601 0.000000
0.450057 0.000000
0.922505 0.000000
0.496818 0.000000
0.207712 0.000000
0.318035 0.000000
0.652051 0.000000
0.403191 0.000000
0.801603 0.000000
0.167267 0.000000
0.984386 0.000000
0.517026 0.000000
0.325859 0.000000
0.950959 0.000000
0.807067 0.000000
0.852032 0.000000
0.771387 0.000000
0.451879 0.000000
0.909329 0.000000
0.360192 0.000000
0.566903 0.000000
0.751554 0.000000
0.880020 0.000000
0.909638 0.000000
0.431197 0.000000
0.440217 0.000000
0.270209 0.000000
0.962342 0.000000
0.216789 0.000000
0.728256 0.000000
0.602314 0.000000
0.840390 0.000000
0.178314 0.000000
0.524819 0.000000
0.337208 0.000000
0.386026 0.000000
0.842854 0.000000
0.989258 0.000000
0.789217 0.000000
0.644457 0.000000
0.156525 0.000000
0.773603 0.000000
0.161482 0.000000
0.482384 0.000000
0.724562 0.000000
0.968549 0.000000
0.334416 0.000000
0.495949 0.000000
0.420429 0.000000
0.243745 0.000000
0.856141 0.000000
0.987332 0.000000
0.995299 0.000000
0.736162 0.000000
0.896970 0.000000
0.426496 0.000000
0.176379 0.000000
0.167179 0.000000
0.388838 0.000000
0.393168 0.000000
0.895435 0.000000
0.991152 0.000000
0.233557 0.000000
0.073749 0.000000
0.515971 0.000000
0.570765 0.000000
0.459775 0.000000
0.358825 0.000000
0.560023 0.000000
0.248992 0.000000
0.003282 0.000000
0.716548 0.000000
0.022595 0.000000
0.164764 0.000000
0.198933 0.000000
0.747157 0.000000
0.133314 0.000000
0.533348 0.000000
0.243106 0.000000
0.553743 0.000000
0.777093 0.000000
0.099247 0.000000
0.541075 0.000000
0.772392 0.000000
0.835409 0.000000
0.438045 0.000000
0.198887 0.000000
0.011788 0.000000
0.605223 0.000000
0.587725 0.000000
0.404956 0.000000
0.500659 0.000000
0.578877 0.000000
0.638513 0.000000
0.574408 0.000000
0.094848 0.000000
0.209278 0.000000
0.034183 0.000000
0.453673 0.000000
0.769301 0.000000
0.283175 0.000000
0.456955 0.000000
0.485850 0.000000
0.305770 0.000000
0.621719 0.000000
0.684782 0.000000
0.052926 0.000000
0.755033 0.000000
0.218131 0.000000
0.296033 0.000000
0.308776 0.000000
0.995223 0.000000
0.395280 0.000000
0.849850 0.000000
0.767615 0.000000
0.230689 0.000000
0.287895 0.000000
0.966503 0.000000
0.242477 0.000000
0.893119 0.000000
0.554228 0.000000
0.647433 0.000000
0.393777 0.000000
0.133104 0.000000
0.285946 0.000000
0.968185 0.000000
0.227952 0.000000
0.495224 0.000000
0.002368 0.000000
0.681625 0.000000
0.264525 0.000000
0.285543 0.000000
0.138580 0.000000
0.750374 0.000000
0.591312 0.000000
0.760300 0.000000
0.435157 0.000000
0.644239 0.000000
0.515333 0.000000
0.653287 0.000000
0.940271 0.000000
0.824109 0.000000
0.648511 0.000000
0.335551 0.000000
0.673959 0.000000
0.416126 0.000000
0.566241 0.000000
0.961854 0.000000
0.382628 0.000000
0.808718 0.000000
0.854973 0.000000
0.936856 0.000000
0.456151 0.000000
0.248750 0.000000
0.069960 0.000000
0.742097 0.000000
0.216935 0.000000
0.297912 0.000000
0.237321 0.000000
0.219303 0.000000
0.979537 0.000000
0.501846 0.000000
0.504845 0.000000
0.118118 0.000000
0.252221 0.000000
0.096157 0.000000
0.878417 0.000000
0.687377 0.000000
0.740396 0.000000
0.393750 0.000000
0.340664 0.000000
0.680667 0.000000
0.217858 0.000000
0.989175 0.000000
0.016219 0.000000
0.891817 0.000000
0.405301 0.000000
0.582460 0.000000
0.853671 0.000000
0.787929 0.000000
0.391178 0.000000
0.708644 0.000000
0.724785 0.000000
0.847330 0.000000
0.957394 0.000000
0.794745 0.000000
0.589427 0.000000
0.174330 0.000000
0.092657 0.000000
0.826748 0.000000
0.393632 0.000000
0.072194 0.000000
0.328595 0.000000
0.898478 0.000000
0.190312 0.000000
0.580815 0.000000
0.994635 0.000000
0.068729 0.000000
0.268192 0.000000
0.735031 0.000000
0.462479 0.000000
0.608857 0.000000
0.415699 0.000000
0.680337 0.000000
0.598032 0.000000
0.431918 0.000000
0.572154 0.000000
0.003332 0.000000
0.014377 0.000000
0.425826 0.000000
0.791261 0.000000
0.405555 0.000000
0.134470 0.000000
0.516045 0.000000
0.252885 0.000000
0.091864 0.000000
0.310790 0.000000
0.842312 0.000000
0.266194 0.000000
0.403447 0.000000
0.669060 0.000000
0.659826 0.000000
0.475641 0.000000
0.997655 0.000000
0.558304 0.000000
0.665953 0.000000
0.578470 0.000000
0.552939 0.000000
0.734682 0.000000
0.846663 0.000000
0.287970 0.000000
0.197161 0.000000
0.455519 0.000000
0.703669 0.000000
0.877498 0.000000
0.053551 0.000000
0.135586 0.000000
0.449652 0.000000
0.056883 0.000000
0.149964 0.000000
0.875478 0.000000
0.848144 0.000000
0.555519 0.000000
0.009948 0.000000
0.364190 0.000000
0.808404 0.000000
0.101812 0.000000
0.674980 0.000000
0.650716 0.000000
0.368006 0.000000
0.078427 0.000000
0.319776 0.000000
0.027833 0.000000
0.554068 0.000000
0.317431 0.000000
0.586137 0.000000
0.220022 0.000000
0.895901 0.000000
0.139076 0.000000
0.954704 0.000000
0.742564 0.000000
0.427046 0.000000
0.151865 0.000000
0.198083 0.000000
0.130715 0.000000
0.029363 0.000000
0.251634 0.000000
0.266301 0.000000
0.479015 0.000000
0.308517 0.000000
0.416264 0.000000
0.354493 0.000000
0.156662 0.000000
0.971783 0.000000
0.364441 0.000000
0.520852 0.000000
0.780187 0.000000
0.466253 0.000000
0.195831 0.000000
0.430903 0.000000
0.834260 0.000000
0.274258 0.000000
0.750679 0.000000
0.862092 0.000000
0.828327 0.000000
0.068110 0.000000
0.448229 0.000000
0.048349 0.000000
0.964012 0.000000
0.587305 0.000000
0.003053 0.000000
0.706575 0.000000
0.014350 0.000000
0.154917 0.000000
0.904658 0.000000
0.145065 0.000000
0.184280 0.000000
0.156293 0.000000
0.411366 0.000000
0.663295 0.000000
0.464810 0.000000
0.827630 0.000000
0.017788 0.000000
0.621472 0.000000
0.799414 0.000000
0.382229 0.000000
0.142323 0.000000
0.579601 0.000000
0.848482 0.000000
0.338155 0.000000
0.010504 0.000000
0.682742 0.000000
0.612413 0.000000
0.761183 0.000000
0.544834 0.000000
0.440740 0.000000
0.829294 0.000000
0.993064 0.000000
0.489089 0.000000
0.793305 0.000000
0.580368 0.000000
0.492141 0.000000
0.499881 0.000000
0.594719 0.000000
0.647059 0.000000
0.404539 0.000000
0.739784 0.000000
0.831339 0.000000
0.560831 0.000000
0.151149 0.000000
0.494634 0.000000
0.025641 0.000000
0.978780 0.000000
0.512422 0.000000
0.647113 0.000000
0.778193 0.000000
0.894651 0.000000
0.789437 0.000000
0.357794 0.000000
0.743133 0.000000
0.127591 0.000000
0.368298 0.000000
0.425875 0.000000
0.740005 0.000000
0.129481 0.000000
0.970710 0.000000
0.180745 0.000000
0.958775 0.000000
0.963773 0.000000
0.669833 0.000000
0.752080 0.000000
0.544142 0.000000
0.161975 0.000000
0.251961 0.000000
0.138860 0.000000
0.809034 0.000000
0.656500 0.000000
0.878644 0.000000
0.640373 0.000000
0.217331 0.000000
0.029793 0.000000
0.135007 0.000000
0.242973 0.000000
0.008573 0.000000
0.647429 0.000000
0.890086 0.000000
0.786766 0.000000
0.542080 0.000000
0.679523 0.000000
0.144560 0.000000
0.285213 0.000000
0.807114 0.000000
0.512858 0.000000
0.711088 0.000000
0.547119 0.000000
0.642339 0.000000
0.681798 0.000000
0.727863 0.000000
0.601114 0.000000
0.645571 0.000000
0.397697 0.000000
0.353195 0.000000
0.189713 0.000000
0.559672 0.000000
0.605156 0.000000
0.328573 0.000000
0.368705 0.000000
0.261656 0.000000
0.207217 0.000000
0.009078 0.000000
0.478987 0.000000
0.237010 0.000000
0.144084 0.000000
0.721960 0.000000
0.245583 0.000000
0.791513 0.000000
0.612046 0.000000
0.032350 0.000000
0.333593 0.000000
0.291569 0.000000
0.176910 0.000000
0.618806 0.000000
0.098683 0.000000
0.689768 0.000000
0.329894 0.000000
0.645801 0.000000
0.332107 0.000000
0.011693 0.000000
0.373665 0.000000
0.933221 0.000000
0.657264 0.000000
0.771361 0.000000
0.286416 0.000000
0.846977 0.000000
0.331033 0.000000
0.891572 0.000000
0.175550 0.000000
0.699738 0.000000
0.153227 0.000000
0.382767 0.000000
0.708816 0.000000
0.632214 0.000000
0.619777 0.000000
0.852900 0.000000
0.354174 0.000000
0.865361 0.000000
0.644413 0.000000
0.966220 0.000000
0.897710 0.000000
0.978006 0.000000
0.257789 0.000000
0.074620 0.000000
0.596812 0.000000
0.356471 0.000000
0.764388 0.000000
0.926707 0.000000
0.002273 0.000000
0.096495 0.000000
0.938399 0.000000
0.375937 0.000000
0.029717 0.000000
0.595663 0.000000
0.147299 0.000000
0.316133 0.000000
0.442640 0.000000
0.478332 0.000000
0.207704 0.000000
0.618190 0.000000
0.178070 0.000000
0.360932 0.000000
0.000957 0.000000
0.886886 0.000000
0.993146 0.000000
0.620734 0.000000
0.739786 0.000000
0.347320 0.000000
0.486095 0.000000
0.384199 0.000000
0.313540 0.000000
0.383805 0.000000
0.362205 0.000000
0.571328 0.000000
0.458426 0.000000
0.959017 0.000000
0.927800 0.000000
0.222814 0.000000
0.885723 0.000000
0.930072 0.000000
0.319309 0.000000
0.824122 0.000000
0.306010 0.000000
0.349026 0.000000
0.419785 0.000000
0.453309 0.000000
0.665159 0.000000
0.862425 0.000000
0.931640 0.000000
0.872863 0.000000
0.480615 0.000000
0.109710 0.000000
0.233795 0.000000
0.481572 0.000000
0.996596 0.000000
0.226941 0.000000
0.102306 0.000000
0.736382 0.000000
0.574260 0.000000
0.588401 0.000000
0.120580 0.000000
0.887800 0.000000
0.972206 0.000000
0.482785 0.000000
0.459128 0.000000
0.430632 0.000000
0.441802 0.000000
0.386928 0.000000
0.653445 0.000000
0.327525 0.000000
0.317000 0.000000
0.972754 0.000000
0.151647 0.000000
0.623010 0.000000
0.321780 0.000000
0.571433 0.000000
0.076319 0.000000
0.986939 0.000000
0.433858 0.000000
0.007959 0.000000
0.859802 0.000000
0.914473 0.000000
0.117669 0.000000
0.093596 0.000000
0.396045 0.000000
0.114265 0.000000
0.320537 0.000000
0.498351 0.000000
0.850647 0.000000
0.894797 0.000000
0.086752 0.000000
0.971227 0.000000
0.782597 0.000000
0.058958 0.000000
0.454012 0.000000
0.241726 0.000000
0.489589 0.000000
0.895813 0.000000
0.628654 0.000000
0.143034 0.000000
0.223338 0.000000
0.945654 0.000000
0.115789 0.000000
0.374985 0.000000
0.568665 0.000000
0.437569 0.000000
0.946418 0.000000
0.644983 0.000000
0.424507 0.000000
0.380276 0.000000
0.652942 0.000000
0.284309 0.000000
0.294749 0.000000
0.770611 0.000000
0.377905 0.000000
0.690794 0.000000
0.884877 0.000000
0.698442 0.000000
0.189145 0.000000
0.735523 0.000000
0.593240 0.000000
0.275897 0.000000
0.706750 0.000000
0.375837 0.000000
0.334854 0.000000
0.160762 0.000000
0.617563 0.000000
0.824444 0.000000
0.056576 0.000000
0.246217 0.000000
0.967478 0.000000
0.279914 0.000000
0.191871 0.000000
0.083267 0.000000
0.654899 0.000000
0.760536 0.000000
0.520836 0.000000
0.601317 0.000000
0.405519 0.000000
0.945343 0.000000
0.981593 0.000000
0.058461 0.000000
0.229652 0.000000
0.276343 0.000000
0.829072 0.000000
0.607557 0.000000
0.967137 0.000000
0.713949 0.000000
0.306000 0.000000
0.156282 0.000000
0.449472 0.000000
0.899239 0.000000
0.432179 0.000000
0.156223 0.000000
0.275076 0.000000
0.767033 0.000000
0.316985 0.000000
0.892639 0.000000
0.591477 0.000000
0.373561 0.000000
0.138856 0.000000
0.558955 0.000000
0.653475 0.000000
0.330728 0.000000
0.642222 0.000000
0.308374 0.000000
0.091263 0.000000
0.163057 0.000000
0.909692 0.000000
0.496782 0.000000
0.108400 0.000000
0.891285 0.000000
0.555243 0.000000
0.338052 0.000000
0.167628 0.000000
0.384316 0.000000
0.945610 0.000000
0.134765 0.000000
0.098265 0.000000
0.251609 0.000000
0.291046 0.000000
0.547737 0.000000
0.150848 0.000000
0.723225 0.000000
0.703960 0.000000
0.425925 0.000000
0.490258 0.000000
0.020945 0.000000
0.318564 0.000000
0.081735 0.000000
0.394506 0.000000
0.457420 0.000000
0.640689 0.000000
0.047982 0.000000
0.788148 0.000000
0.282911 0.000000
0.356356 0.000000
0.879411 0.000000
0.445968 0.000000
0.266048 0.000000
0.376193 0.000000
0.554369 0.000000
0.157333 0.000000
0.931437 0.000000
0.892421 0.000000
0.324961 0.000000
0.315753 0.000000
0.838030 0.000000
0.459726 0.000000
0.414018 0.000000
0.089640 0.000000
0.750772 0.000000
0.961755 0.000000
0.240488 0.000000
0.473997 0.000000
0.665715 0.000000
0.666412 0.000000
0.964255 0.000000
0.686661 0.000000
0.984976 0.000000
0.045989 0.000000
0.081167 0.000000
0.442396 0.000000
0.686678 0.000000
0.129149 0.000000
0.230544 0.000000
0.969589 0.000000
0.485505 0.000000
0.109955 0.000000
0.415558 0.000000
0.751553 0.000000
0.486148 0.000000
0.969926 0.000000
0.908886 0.000000
0.417585 0.000000
0.862347 0.000000
0.233847 0.000000
0.733338 0.000000
0.700378 0.000000
0.693572 0.000000
0.147356 0.000000
0.790017 0.000000
0.444344 0.000000
0.109111 0.000000
0.030505 0.000000
0.918341 0.000000
0.774826 0.000000
0.696918 0.000000
0.882596 0.000000
0.461486 0.000000
0.681894 0.000000
0.928585 0.000000
0.542654 0.000000
0.124290 0.000000
0.615263 0.000000
0.671802 0.000000
0.354834 0.000000
0.584853 0.000000
0.157307 0.000000
0.464789 0.000000
0.000411 0.000000
0.908860 0.000000
0.950937 0.000000
0.970337 0.000000
0.817745 0.000000
0.368523 0.000000
0.832684 0.000000
0.051592 0.000000
0.101861 0.000000
0.533062 0.000000
0.745165 0.000000
0.249216 0.000000
0.323079 0.000000
0.189509 0.000000
0.358327 0.000000
0.353584 0.000000
0.107850 0.000000
0.133153 0.000000
0.050502 0.000000
0.990446 0.000000
0.594639 0.000000
0.732396 0.000000
0.919031 0.000000
0.137293 0.000000
0.856686 0.000000
0.534294 0.000000
0.809095 0.000000
0.211520 0.000000
0.119147 0.000000
0.966402 0.000000
0.676309 0.000000
0.119558 0.000000
0.875261 0.000000
0.627247 0.000000
0.089895 0.000000
0.693007 0.000000
0.995769 0.000000
0.922579 0.000000
0.744599 0.000000
0.097630 0.000000
0.455641 0.000000
0.489764 0.000000
0.346846 0.000000
0.778720 0.000000
0.679273 0.000000
0.705173 0.000000
0.132305 0.000000
0.787123 0.000000
0.838325 0.000000
0.182807 0.000000
0.777570 0.000000
0.432964 0.000000
0.915202 0.000000
0.696600 0.000000
0.570257 0.000000
0.771888 0.000000
0.230895 0.000000
0.379351 0.000000
0.983408 0.000000
0.350042 0.000000
0.345753 0.000000
0.659718 0.000000
0.469600 0.000000
0.221014 0.000000
0.286964 0.000000
0.559494 0.000000
0.914021 0.000000
0.282733 0.000000
0.482073 0.000000
0.658620 0.000000
0.380363 0.000000
0.937715 0.000000
0.148384 0.000000
0.727209 0.000000
0.716435 0.000000
0.827658 0.000000
0.432382 0.000000
0.848739 0.000000
0.614781 0.000000
0.270707 0.000000
0.031546 0.000000
0.392351 0.000000
0.703671 0.000000
0.946748 0.000000
0.088951 0.000000
0.273928 0.000000
0.718636 0.000000
0.319846 0.000000
0.653280 0.000000
0.702045 0.000000
0.669888 0.000000
0.999033 0.000000
0.361762 0.000000
0.139488 0.000000
0.220047 0.000000
0.648727 0.000000
0.698982 0.000000
0.134069 0.000000
0.931460 0.000000
0.181056 0.000000
0.792689 0.000000
0.311823 0.000000
0.118770 0.000000
0.941074 0.000000
0.039032 0.000000
0.835205 0.000000
0.768731 0.000000
0.471414 0.000000
0.683944 0.000000
0.383512 0.000000
0.742122 0.000000
0.715490 0.000000
0.775863 0.000000
0.445793 0.000000
0.662239 0.000000
0.864814 0.000000
0.719721 0.000000
0.380875 0.000000
0.184660 0.000000
0.373001 0.000000
0.082920 0.000000
0.854548 0.000000
0.372034 0.000000
0.444682 0.000000
0.994035 0.000000
0.592081 0.000000
0.093409 0.000000
0.693017 0.000000
0.726150 0.000000
0.024869 0.000000
0.874073 0.000000
0.518839 0.000000
0.336692 0.000000
0.992843 0.000000
0.459913 0.000000
0.375724 0.000000
0.828048 0.000000
0.228644 0.000000
0.847139 0.000000
0.511992 0.000000
0.612156 0.000000
0.589260 0.000000
0.227483 0.000000
0.388019 0.000000
0.035053 0.000000
0.889721 0.000000
0.252833 0.000000
0.754775 0.000000
0.270596 0.000000
0.437493 0.000000
0.127776 0.000000
0.353516 0.000000
0.292041 0.000000
0.499810 0.000000
0.798198 0.000000
0.286077 0.000000
0.091891 0.000000
0.891607 0.000000
0.979094 0.000000
0.818041 0.000000
0.916476 0.000000
0.853167 0.000000
0.336880 0.000000
0.253167 0.000000
0.846010 0.000000
0.796793 0.000000
0.628892 0.000000
0.674058 0.000000
0.025437 0.000000
0.476030 0.000000
0.186050 0.000000
0.637593 0.000000
0.065291 0.000000
0.413533 0.000000
0.025613 0.000000
0.100344 0.000000
0.303254 0.000000
0.278446 0.000000
0.855119 0.000000
0.573851 0.000000
0.715939 0.000000
0.982895 0.000000
0.927367 0.000000
0.007980 0.000000
0.482704 0.000000
0.725565 0.000000
0.294057 0.000000
0.574596 0.000000
0.617172 0.000000
0.273151 0.000000
0.392637 0.000000
0.533647 0.000000
0.126318 0.000000
0.729517 0.000000
0.786815 0.000000
0.972328 0.000000
0.526310 0.000000
0.415707 0.000000
0.646386 0.000000
0.551747 0.000000
0.891737 0.000000
0.832436 0.000000
0.189341 0.000000
0.957028 0.000000
0.245969 0.000000
0.214953 0.000000
0.057372 0.000000
0.549224 0.000000
0.493399 0.000000
0.912490 0.000000
0.123074 0.000000
0.209338 0.000000
0.895385 0.000000
0.050441 0.000000
0.217318 0.000000
0.378089 0.000000
0.776006 0.000000
0.511375 0.000000
0.952685 0.000000
0.393178 0.000000
0.784525 0.000000
0.345322 0.000000
0.926825 0.000000
0.910843 0.000000
0.074839 0.000000
0.713640 0.000000
0.883171 0.000000
0.601149 0.000000
0.129347 0.000000
0.529557 0.000000
0.152896 0.000000
0.021083 0.000000
0.361993 0.000000
0.342237 0.000000
0.978111 0.000000
0.607963 0.000000
0.557190 0.000000
0.035483 0.000000
0.157186 0.000000
0.050589 0.000000
0.947973 0.000000
0.280260 0.000000
0.259927 0.000000
0.843358 0.000000
0.330701 0.000000
0.477245 0.000000
0.221448 0.000000
0.106706 0.000000
0.988620 0.000000
0.174133 0.000000
0.499884 0.000000
0.773145 0.000000
0.519454 0.000000
0.426709 0.000000
0.683988 0.000000
0.594293 0.000000
0.140349 0.000000
0.567160 0.000000
0.195442 0.000000
0.269696 0.000000
0.096717 0.000000
0.348338 0.000000
0.290779 0.000000
0.458710 0.000000
0.690575 0.000000
0.268890 0.000000
0.066673 0.000000
0.247766 0.000000
0.304373 0.000000
0.223859 0.000000
0.298355 0.000000
0.252346 0.000000
0.504119 0.000000
0.558282 0.000000
0.095704 0.000000
0.834820 0.000000
0.035527 0.000000
0.317152 0.000000
0.941527 0.000000
0.024147 0.000000
0.491285 0.000000
0.441411 0.000000
0.797292 0.000000
0.010739 0.000000
0.868120 0.000000
0.481280 0.000000
0.605032 0.000000
0.008469 0.000000
0.048440 0.000000
0.800474 0.000000
0.278164 0.000000
0.145157 0.000000
0.148813 0.000000
0.568943 0.000000
0.603867 0.000000
0.839388 0.000000
0.837833 0.000000
0.670540 0.000000
0.087154 0.000000
0.142206 0.000000
0.894398 0.000000
0.385509 0.000000
0.394553 0.000000
0.398518 0.000000
0.943790 0.000000
0.490257 0.000000
0.233338 0.000000
0.979317 0.000000
0.807409 0.000000
0.174864 0.000000
0.003464 0.000000
0.298694 0.000000
0.616275 0.000000
0.800756 0.000000
0.309433 0.000000
0.484394 0.000000
0.282036 0.000000
0.914465 0.000000
0.492863 0.000000
0.330476 0.000000
0.714940 0.000000
0.771027 0.000000
0.475632 0.000000
0.863753 0.000000
0.339971 0.000000
0.079499 0.000000
0.703141 0.000000
0.177804 0.000000
0.750039 0.000000
0.790295 0.000000
0.320011 0.000000
0.644437 0.000000
0.175803 0.000000
0.714563 0.000000
0.042955 0.000000
0.119594 0.000000
0.204820 0.000000
0.276292 0.000000
0.098911 0.000000
0.012229 0.000000
0.451157 0.000000
0.102375 0.000000
0.310923 0.000000
0.067431 0.000000
0.903130 0.000000
0.620357 0.000000
0.551826 0.000000
0.185166 0.000000
0.534822 0.000000
0.044689 0.000000
0.515642 0.000000
0.249762 0.000000
0.815716 0.000000
0.991274 0.000000
0.113514 0.000000
0.155687 0.000000
0.070773 0.000000
0.816655 0.000000
0.333491 0.000000
0.820812 0.000000
0.606950 0.000000
0.653502 0.000000
0.465249 0.000000
0.782753 0.000000
0.368065 0.000000
0.508204 0.000000
0.902347 0.000000
0.572885 0.000000
0.784496 0.000000
0.001258 0.000000
0.585115 0.000000
0.235653 0.000000
0.103633 0.000000
0.896038 0.000000
0.303084 0.000000
0.006763 0.000000
0.516395 0.000000
0.854910 0.000000
0.191929 0.000000
0.051217 0.000000
0.899599 0.000000
0.707571 0.000000
0.300979 0.000000
0.715316 0.000000
0.698845 0.000000
0.414493 0.000000
0.871003 0.000000
0.769619 0.000000
0.231148 0.000000
0.204495 0.000000
0.590431 0.000000
0.838098 0.000000
0.857997 0.000000
0.055680 0.000000
0.620851 0.000000
0.226062 0.000000
0.563883 0.000000
0.523198 0.000000
0.798947 0.000000
0.348379 0.000000
0.524456 0.000000
0.384062 0.000000
0.584032 0.000000
0.628089 0.000000
0.280100 0.000000
0.887117 0.000000
0.634851 0.000000
0.796494 0.000000
0.742027 0.000000
0.826781 0.000000
0.847711 0.000000
0.641626 0.000000
0.534352 0.000000
0.148690 0.000000
0.356942 0.000000
0.233197 0.000000
0.563183 0.000000
0.227945 0.000000
0.002816 0.000000
0.794331 0.000000
0.432440 0.000000
0.593246 0.000000
0.632429 0.000000
0.290436 0.000000
0.648926 0.000000
0.253280 0.000000
0.516498 0.000000
0.212809 0.000000
0.776479 0.000000
0.315445 0.000000
0.561188 0.000000
0.300935 0.000000
0.699507 0.000000
0.145221 0.000000
0.929023 0.000000
0.979606 0.000000
0.032338 0.000000
0.563875 0.000000
0.776100 0.000000
0.774365 0.000000
0.390655 0.000000
0.623811 0.000000
0.415991 0.000000
0.925007 0.000000
0.772501 0.000000
0.772933 0.000000
0.158204 0.000000
0.335684 0.000000
0.000879 0.000000
0.161019 0.000000
0.130015 0.000000
0.433319 0.000000
0.754266 0.000000
0.762444 0.000000
0.723755 0.000000
0.403191 0.000000
0.015725 0.000000
0.240253 0.000000
0.616000 0.000000
0.792203 0.000000
0.555698 0.000000
0.177188 0.000000
0.093138 0.000000
0.255205 0.000000
3543 78 0.234811
2811 1626 0.010911
4389 2412 0.634723
3296 1035 0.407224
1441 2675 0.742907
3770 4342 0.872922
3917 2274 0.635366
3046 53 0.651091
3450 116 0.443294
3229 786 0.536432
1857 4329 0.558593
4888 2140 0.144628
1992 1530 0.121319
31 1178 0.023016
1284 2619 0.082918
4240 2742 0.303839
1876 1659 0.279026
1931 1057 0.657403
3760 859 0.651781
1575 4088 0.823348
4773 945 0.317323
4401 2186 0.166045
655 530 0.143879
673 562 0.666815
3079 3198 0.507786
3159 3790 0.667672
2582 666 0.579792
1984 2597 0.967900
86 2710 0.072250
1009 4285 0.448542
2718 411 0.351978
3757 4812 0.017372
3288 468 0.455634
701 2493 0.301487
644 1924 0.962155
4559 84 0.180545
4864 4018 0.829579
4532 1002 0.544624
257 2441 0.976771
1842 4802 0.569313
2515 2521 0.858682
1837 2630 0.403471
3346 918 0.348307
385 2971 0.814510
690 4967 0.825095
2841 4527 0.462981
1486 743 0.032007
4445 276 0.811199
2706 1885 0.457959
3677 3727 0.624070
286 2594 0.132878
953 4432 0.301707
4137 4130 0.296602
2789 4515 0.261442
287 205 0.863042
4709 4398 0.609187
4215 884 0.167550
4091 1681 0.117923
1322 740 0.428205
2346 4417 0.170648
1821 1055 0.793793
168 2009 0.649617
2498 2498 0.755494
745 288 0.567058
3316 1927 0.385795
2206 1636 0.173862
1975 2203 0.111802
2487 2646 0.029195
4628 3969 0.470665
3654 2667 0.412984
4111 4488 0.425464
811 1009 0.366788
4647 3507 0.640426
2613 604 0.594684
94 3920 0.044074
484 2478 0.813690
272 4453 0.366512
2296 1941 0.734549
2354 2921 0.728998
3151 2927 0.807820
1070 2038 0.595083
3693 4202 0.223665
1028 3849 0.995275
4510 2815 0.206513
984 2909 0.118822
4385 4746 0.595243
774 18 0.244964
4366 2315 0.235534
1957 1021 0.684875
4868 524 0.021193
4095 1595 0.415137
515 1640 0.660498
2943 2668 0.406894
231 3531 0.409820
3123 867 0.236333
2639 253 0.272228
3282 1027 0.691367
4731 1746 0.605552
824 3703 0.043978
3487 4923 0.477308
428 371 0.318528
760 886 0.993102
3942 181 0.867818
3678 1764 0.583101
4876 1239 0.733636
336 3879 0.363496
1894 2161 0.286372
2119 3244 0.868776
2362 4069 0.845255
3627 3908 0.944809
1768 688 0.975256
1504 1449 0.531680
4232 1743 0.837745
980 1773 0.888727
1260 1650 0.891137
3759 3338 0.963799
1511 233 0.701954
2994 3704 0.350568
1224 2418 0.145175
3156 2397 0.770648
1364 4165 0.248182
4943 669 0.992912
760 4901 0.665337
1759 2234 0.672351
4522 4846 0.423773
3524 3605 0.155936
54 1468 0.141068
1449 4462 0.070537
2440 686 0.549894
2501 195 0.623118
1469 2911 0.767517
3830 4207 0.301619
2640 4967 0.218527
3194 3078 0.386059
1873 2600 0.387317
2202 1125 0.955935
3573 2531 0.455411
178 3980 0.172117
1838 1420 0.974829
917 3921 0.708802
3746 1743 0.318845
740 1925 0.780215
3403 4566 0.624592
2320 4112 0.689720
4823 985 0.864328
820 4539 0.039553
1774 3112 0.179192
4196 3290 0.985200
3785 1481 0.808145
4060 3750 0.793202
4530 2496 0.711019
615 3236 0.809777
4556 2992 0.082389
1168 1664 0.194191
858 1488 0.817535
3149 2308 0.376194
1565 435 0.026102
2512 983 0.908329
3791 4768 0.093412
2843 3828 0.131244
816 4710 0.644944
3236 326 0.402029
2581 1234 0.704119
1493 2402 0.769741
4516 3260 0.984954
4877 2762 0.737075
4776 4327 0.982038
4140 1840 0.175256
3147 631 0.488844
3634 3474 0.897631
4224 642 0.110419
959 230 0.446054
3634 2812 0.684750
2949 657 0.451100
280 173 0.434822
4100 1402 0.500247
1580 2531 0.686925
4495 3023 0.174050
3393 2522 0.946820
2060 1157 0.813380
908 381 0.566932
4466 2692 0.918494
4702 1326 0.677845
1172 627 0.927372
44 2260 0.861267
3528 1360 0.297067
1127 2940 0.610963
3053 3787 0.829059
1819 2180 0.859685
2568 593 0.796251
3144 2853 0.770003
4363 3671 0.425883
2164 3373 0.165922
4129 4545 0.694238
1751 941 0.780573
898 821 0.409880
1448 1948 0.319234
4529 1 0.490673
1986 3172 0.099454
1965 741 0.634420
4453 3885 0.993202
3674 4600 0.286219
588 1764 0.959525
181 893 0.697870
1753 3996 0.952354
585 4895 0.157800
777 1343 0.814453
261 2225 0.609239
4884 563 0.716208
1687 2528 0.082178
436 3333 0.520530
2037 2007 0.598195
2310 2596 0.233668
2307 4129 0.104792
3202 2234 0.138941
37 2819 0.197382
2694 4948 0.577180
3652 1561 0.889300
4611 1445 0.962800
94 4484 0.657366
1319 4920 0.769247
1429 1958 0.068447
2491 620 0.980849
318 2927 0.672374
391 1129 0.837261
812 1167 0.256083
4776 3861 0.338719
83 3865 0.404403
3968 3476 0.943810
3415 4923 0.056392
1743 1242 0.376572
3403 4023 0.897550
2071 2866 0.905546
4687 3185 0.360084
1432 4928 0.959034
1763 740 0.654751
4913 1868 0.605035
4363 3303 0.624338
4022 2271 0.321901
1478 2039 0.413929
3419 3782 0.982602
1632 3537 0.548450
451 609 0.709668
1242 296 0.699924
1312 3081 0.624010
2512 4844 0.620868
4879 1110 0.887879
3812 1825 0.002224
1610 848 0.853202
2884 3678 0.403615
4082 3449 0.310827
2873 81 0.344086
2040 1884 0.571839
4073 4478 0.974934
4291 791 0.225746
2141 3303 0.161534
731 4535 0.038381
2541 3347 0.195007
2654 4957 0.035815
1391 4193 0.504614
3519 3275 0.657798
4429 2501 0.871937
3877 893 0.044581
285 4966 0.081278
1990 4257 0.342109
1776 2750 0.786109
2759 4833 0.068030
1203 3726 0.792905
1473 2732 0.585074
3943 4124 0.766437
1444 2643 0.750923
2394 3425 0.521135
3425 3654 0.625523
1341 3939 0.773755
3736 930 0.665754
1921 4058 0.925532
4762 3169 0.173955
2138 4373 0.298903
4213 2198 0.302599
1245 2494 0.038246
3823 290 0.909457
1028 2684 0.227061
734 1109 0.335143
2685 2451 0.805541
4602 1187 0.613192
776 4460 0.983839
1052 4223 0.079017
1161 1361 0.937107
1348 575 0.753117
2915 3172 0.562861
4959 3347 0.870954
998 4375 0.335194
462 1461 0.827517
4932 4146 0.392505
1989 3748 0.111436
2681 876 0.326417
2431 3280 0.823559
350 793 0.670891
3995 2141 0.661318
1190 1409 0.379914
879 1368 0.593116
2210 3718 0.051848
1225 4180 0.277245
2701 4112 0.894831
2981 2453 0.678359
4447 1486 0.293584
374 3917 0.666037
1876 620 0.969675
1092 4615 0.503398
882 805 0.569807
1549 3036 0.207146
4212 1598 0.324874
2602 4175 0.150051
3805 3228 0.017820
2803 1209 0.733722
3254 657 0.910948
4581 2383 0.533339
540 4260 0.679911
2293 352 0.287771
2540 2586 0.110036
2843 4136 0.709567
867 4700 0.957318
3960 3654 0.188484
1234 2459 0.230581
3971 1615 0.476116
514 1221 0.036523
3544 2154 0.238221
491 2694 0.904768
4410 1340 0.707056
2944 3880 0.306403
3635 3075 0.082722
3714 3942 0.629132
391 4255 0.997478
1243 489 0.465008
323 4460 0.926551
1965 1327 0.060467
4264 4871 0.160338
3947 362 0.892203
4241 4772 0.225736
1240 4068 0.664335
825 2703 0.777806
898 2769 0.773296
2023 3160 0.975679
1802 755 0.535006
4040 1078 0.469097
4246 4396 0.511673
672 3660 0.573683
4253 2607 0.188465
1880 3201 0.035931
847 4441 0.403852
46 266 0.402264
2320 2516 0.740733
4889 4539 0.376579
1713 1341 0.498285
4026 381 0.336431
3504 979 0.367134
2956 1652 0.626917
3632 2257 0.353999
4669 489 0.453149
1831 1336 0.631423
3060 2734 0.195222
4697 54 0.227270
2750 4944 0.356698
1668 1657 0.580985
4988 2036 0.365138
2091 540 0.635708
2238 3496 0.453163
2398 2128 0.977841
165 3150 0.101945
1133 4981 0.051210
2894 4393 0.489971
4921 4090 0.196035
4464 3193 0.942697
4898 4861 0.705638
321 1201 0.019862
3829 3293 0.354468
1965 531 0.221128
4457 2929 0.193525
4206 4446 0.460125
4444 1931 0.056858
2370 4825 0.387577
3030 1098 0.854547
1449 1914 0.198500
4811 1812 0.796015
4831 3485 0.145378
3239 2315 0.583020
3539 632 0.476075
2336 1442 0.451459
4613 648 0.863174
1392 93 0.164367
3152 3815 0.986461
4305 3198 0.524680
901 4647 0.006293
690 4458 0.788000
1692 642 0.450784
3896 233 0.359784
744 3773 0.150708
3124 1109 0.276719
4786 2074 0.715658
2246 3466 0.569472
2989 1618 0.889369
3558 923 0.165321
226 3177 0.593364
160 3867 0.116194
3258 1912 0.439449
4842 808 0.582992
1445 1552 0.901289
3681 1029 0.615470
2358 2167 0.919059
3036 765 0.272181
3807 3754 0.731694
4746 2313 0.685175
3882 2539 0.987172
4018 4051 0.836184
3612 2309 0.028226
200 3504 0.708676
669 4949 0.460554
1264 3630 0.759935
4319 2341 0.058279
4449 377 0.218758
3044 537 0.405739
4610 1635 0.605683
2099 1869 0.343271
4117 887 0.624795
1354 851 0.238256
504 1051 0.634438
1813 3073 0.173124
4675 4337 0.005022
4918 3656 0.406852
2328 3105 0.094271
503 2502 0.636750
3785 2112 0.923659
3027 4211 0.120318
2513 4680 0.820091
4697 2386 0.139171
1895 2890 0.517009
1245 1056 0.536597
1897 2083 0.099222
2531 2002 0.820356
1858 682 0.619058
1562 2538 0.767507
1804 1323 0.997398
32 702 0.993906
1482 3215 0.744202
2468 4265 0.084471
657 1160 0.042939
1249 2406 0.328280
4915 655 0.401050
2917 4538 0.021184
4576 1396 0.246960
2045 4310 0.297136
2015 2466 0.577451
4098 3851 0.693587
1743 333 0.988816
421 2801 0.087931
1485 4810 0.229190
1791 2412 0.047030
3154 2327 0.714574
1600 244 0.236846
3400 1173 0.020696
2234 4570 0.160397
2255 1585 0.292697
4950 683 0.341256
1996 3779 0.426390
3610 4200 0.368191
4488 685 0.305831
2879 2476 0.756317
3676 1982 0.256248
128 4934 0.904844
3822 4686 0.522463
3912 1921 0.728161
3313 4176 0.289447
180 478 0.203717
898 2475 0.464878
3301 2437 0.817132
3506 3277 0.344950
1226 1157 0.091271
5 4833 0.384376
3816 1314 0.625314
1519 136 0.835268
3099 4049 0.261200
4249 2362 0.200246
1984 3894 0.229855
1755 1144 0.043615
1657 4445 0.630343
4407 4304 0.077968
546 530 0.615682
4162 1887 0.290513
4760 703 0.817037
1644 3574 0.432099
3215 1673 0.156395
1707 922 0.150322
727 4259 0.706577
226 1014 0.166416
3551 4024 0.956229
666 4783 0.444206
1058 330 0.936180
3959 4492 0.188467
1693 604 0.457315
2094 2248 0.647567
